31367009,1
14535931,2
6678671,3
2800733,4
1062347,5
323323,6
85085,7
15015,8
2310,9
8610,10
25911877,323
23184311,324
17729179,325
15001613,326
9546481,327
6818915,328
4091349,329
2727566,330
20550799,331
18387557,332
14061073,333
11897831,334
7571347,335
5408105,336
3244863,337
2163242,338
15189721,339
11615669,340
9828643,341
6254591,342
4467565,343
2680539,344
1787026,345
10392967,346
8794049,347
5596213,348
3997295,349
2398377,350
1598918,351
6724861,352
4279457,353
3056755,354
1834053,355
1222702,356
3621079,357
2586485,358
1551891,359
1034594,360
1645945,361
987567,362
658378,363
705405,364
470270,365
282162,366
19224941,367
17201263,368
13153907,369
11130229,370
7082873,371
5059195,372
3035517,373
2023678,374
14209739,375
10866271,376
9194537,377
5851069,378
4179335,379
2507601,380
1671734,381
9722453,382
8226691,383
5235167,384
3739405,385
2243643,386
1495762,387
6290999,388
4003363,389
2859545,390
1715727,391
1143818,392
3387461,393
2419615,394
1451769,395
967846,396
1539755,397
923853,398
615902,399
659895,400
439930,401
263958,402
11269793,403
8618077,404
7292219,405
4640503,406
3314645,407
1988787,408
1325858,409
7710911,410
6524617,411
4152029,412
2965735,413
1779441,414
1186294,415
4989413,416
3175081,417
2267915,418
1360749,419
907166,420
2686607,421
1919005,422
1151403,423
767602,424
1221185,425
732711,426
488474,427
523365,428
348910,429
209346,430
6369883,431
5389901,432
3429937,433
2449955,434
1469973,435
979982,436
4121689,437
2622893,438
1873495,439
1124097,440
749398,441
2219371,442
1585265,443
951159,444
634106,445
1008805,446
605283,447
403522,448
432345,449
288230,450
172938,451
3687827,452
2346799,453
1676285,454
1005771,455
670514,456
1985753,457
1418395,458
851037,459
567358,460
902615,461
541569,462
361046,463
386835,464
257890,465
154734,466
1518517,467
1084655,468
650793,469
433862,470
690235,471
414141,472
276094,473
295815,474
197210,475
118326,476
584045,477
350427,478
233618,479
250305,480
166870,481
100122,482
159285,483
106190,484
63714,485
45510,486
16107383,487
14411869,488
11020841,489
9325327,490
5934299,491
4238785,492
2543271,493
1695514,494
11905457,495
9104173,496
7703531,497
4902247,498
3501605,499
2100963,500
1400642,501
8145839,502
6892633,503
4386221,504
3133015,505
1879809,506
1253206,507
5270837,508
3354169,509
2395835,510
1437501,511
958334,512
2838143,513
2027245,514
1216347,515
810898,516
1290065,517
774039,518
516026,519
552885,520
368590,521
221154,522
9442259,523
7220551,524
6109697,525
3887989,526
2777135,527
1666281,528
1110854,529
6460493,530
5466571,531
3478727,532
2484805,533
1490883,534
993922,535
4180319,536
2660203,537
1900145,538
1140087,539
760058,540
2250941,541
1607815,542
964689,543
643126,544
1023155,545
613893,546
409262,547
438495,548
292330,549
175398,550
5336929,551
4515863,552
2873731,553
2052665,554
1231599,555
821066,556
3453307,557
2197559,558
1569685,559
941811,560
627874,561
1859473,562
1328195,563
796917,564
531278,565
845215,566
507129,567
338086,568
362235,569
241490,570
144894,571
3089801,572
1966237,573
1404455,574
842673,575
561782,576
1663739,577
1188385,578
713031,579
475354,580
756245,581
453747,582
302498,583
324105,584
216070,585
129642,586
1272271,587
908765,588
545259,589
363506,590
578305,591
346983,592
231322,593
247845,594
165230,595
99138,596
489335,597
293601,598
195734,599
209715,600
139810,601
83886,602
133455,603
88970,604
53382,605
38130,606
8833081,607
6754709,608
5715523,609
3637151,610
2597965,611
1558779,612
1039186,613
6043687,614
5113889,615
3254293,616
2324495,617
1394697,618
929798,619
3910621,620
2488577,621
1777555,622
1066533,623
711022,624
2105719,625
1504085,626
902451,627
601634,628
957145,629
574287,630
382858,631
410205,632
273470,633
164082,634
4992611,635
4224517,636
2688329,637
1920235,638
1152141,639
768094,640
3230513,641
2055781,642
1468415,643
881049,644
587366,645
1739507,646
1242505,647
745503,648
497002,649
790685,650
474411,651
316274,652
338865,653
225910,654
135546,655
2890459,656
1839383,657
1313845,658
788307,659
525538,660
1556401,661
1111715,662
667029,663
444686,664
707455,665
424473,666
282982,667
303195,668
202130,669
121278,670
1190189,671
850135,672
510081,673
340054,674
540995,675
324597,676
216398,677
231855,678
154570,679
92742,680
457765,681
274659,682
183106,683
196185,684
130790,685
78474,686
124845,687
83230,688
49938,689
35670,690
3959657,691
3350479,692
2132123,693
1522945,694
913767,695
609178,696
2562131,697
1630447,698
1164605,699
698763,700
465842,701
1379609,702
985435,703
591261,704
394174,705
627095,706
376257,707
250838,708
268755,709
179170,710
107502,711
2292433,712
1458821,713
1042015,714
625209,715
416806,716
1234387,717
881705,718
529023,719
352682,720
561085,721
336651,722
224434,723
240465,724
160310,725
96186,726
943943,727
674245,728
404547,729
269698,730
429065,731
257439,732
171626,733
183885,734
122590,735
73554,736
363055,737
217833,738
145222,739
155595,740
103730,741
62238,742
99015,743
66010,744
39606,745
28290,746
1893749,747
1205113,748
860795,749
516477,750
344318,751
1019711,752
728365,753
437019,754
291346,755
463505,756
278103,757
185402,758
198645,759
132430,760
79458,761
779779,762
556985,763
334191,764
222794,765
354445,766
212667,767
141778,768
151905,769
101270,770
60762,771
299915,772
179949,773
119966,774
128535,775
85690,776
51414,777
81795,778
54530,779
32718,780
23370,781
697697,782
498355,783
299013,784
199342,785
317135,786
190281,787
126854,788
135915,789
90610,790
54366,791
268345,792
161007,793
107338,794
115005,795
76670,796
46002,797
73185,798
48790,799
29274,800
20910,801
205205,802
123123,803
82082,804
87945,805
58630,806
35178,807
55965,808
37310,809
22386,810
15990,811
47355,812
31570,813
18942,814
13530,815
13005833,816
9945637,817
8415539,818
5355343,819
3825245,820
2295147,821
1530098,822
10743949,823
8215961,824
6951967,825
4423979,826
3159985,827
1895991,828
1263994,829
7351123,830
6220181,831
3958297,832
2827355,833
1696413,834
1130942,835
4756609,836
3026933,837
2162095,838
1297257,839
864838,840
2561251,841
1829465,842
1097679,843
731786,844
1164205,845
698523,846
465682,847
498945,848
332630,849
199578,850
8521063,851
6516107,852
5513629,853
3508673,854
2506195,855
1503717,856
1002478,857
5830201,858
4933247,859
3139339,860
2242385,861
1345431,862
896954,863
3772483,864
2400671,865
1714765,866
1028859,867
685906,868
2031337,869
1450955,870
870573,871
580382,872
923335,873
554001,874
369334,875
395715,876
263810,877
158286,878
4816253,879
4075291,880
2593367,881
1852405,882
1111443,883
740962,884
3116399,885
1983163,886
1416545,887
849927,888
566618,889
1678061,890
1198615,891
719169,892
479446,893
762755,894
457653,895
305102,896
326895,897
217930,898
130758,899
2788357,900
1774409,901
1267435,902
760461,903
506974,904
1501423,905
1072445,906
643467,907
428978,908
682465,909
409479,910
272986,911
292485,912
194990,913
116994,914
1148147,915
820105,916
492063,917
328042,918
521885,919
313131,920
208754,921
223665,922
149110,923
89466,924
441595,925
264957,926
176638,927
189255,928
126170,929
75702,930
120435,931
80290,932
48174,933
34410,934
7971317,935
6095713,936
5157911,937
3282307,938
2344505,939
1406703,940
937802,941
5454059,942
4614973,943
2936801,944
2097715,945
1258629,946
839086,947
3529097,948
2245789,949
1604135,950
962481,951
641654,952
1900283,953
1357345,954
814407,955
542938,956
863765,957
518259,958
345506,959
370185,960
246790,961
148074,962
4505527,963
3812369,964
2426053,965
1732895,966
1039737,967
693158,968
2915341,969
1855217,970
1325155,971
795093,972
530062,973
1569799,974
1121285,975
672771,976
448514,977
713545,978
428127,979
285418,980
305805,981
203870,982
122322,983
2608463,984
1659931,985
1185665,986
711399,987
474266,988
1404557,989
1003255,990
601953,991
401302,992
638435,993
383061,994
255374,995
273615,996
182410,997
109446,998
1074073,999
767195,1000
460317,1001
306878,1002
488215,1003
292929,1004
195286,1005
209235,1006
139490,1007
83694,1008
413105,1009
247863,1010
165242,1011
177045,1012
118030,1013
70818,1014
112665,1015
75110,1016
45066,1017
32190,1018
3573349,1019
3023603,1020
1924111,1021
1374365,1022
824619,1023
549746,1024
2312167,1025
1471379,1026
1050985,1027
630591,1028
420394,1029
1245013,1030
889295,1031
533577,1032
355718,1033
565915,1034
339549,1035
226366,1036
242535,1037
161690,1038
97014,1039
2068781,1040
1316497,1041
940355,1042
564213,1043
376142,1044
1113959,1045
795685,1046
477411,1047
318274,1048
506345,1049
303807,1050
202538,1051
217005,1052
144670,1053
86802,1054
851851,1055
608465,1056
365079,1057
243386,1058
387205,1059
232323,1060
154882,1061
165945,1062
110630,1063
66378,1064
327635,1065
196581,1066
131054,1067
140415,1068
93610,1069
56166,1070
89355,1071
59570,1072
35742,1073
25530,1074
1708993,1075
1087541,1076
776815,1077
466089,1078
310726,1079
920227,1080
657305,1081
394383,1082
262922,1083
418285,1084
250971,1085
167314,1086
179265,1087
119510,1088
71706,1089
703703,1090
502645,1091
301587,1092
201058,1093
319865,1094
191919,1095
127946,1096
137085,1097
91390,1098
54834,1099
270655,1100
162393,1101
108262,1102
115995,1103
77330,1104
46398,1105
73815,1106
49210,1107
29526,1108
21090,1109
629629,1110
449735,1111
269841,1112
179894,1113
286195,1114
171717,1115
114478,1116
122655,1117
81770,1118
49062,1119
242165,1120
145299,1121
96866,1122
103785,1123
69190,1124
41514,1125
66045,1126
44030,1127
26418,1128
18870,1129
185185,1130
111111,1131
74074,1132
79365,1133
52910,1134
31746,1135
50505,1136
33670,1137
20202,1138
14430,1139
42735,1140
28490,1141
17094,1142
12210,1143
7770,1144
5107219,1145
4321493,1146
2750041,1147
1964315,1148
1178589,1149
785726,1150
4569617,1151
3866599,1152
2460563,1153
1757545,1154
1054527,1155
703018,1156
2956811,1157
1881607,1158
1344005,1159
806403,1160
537602,1161
1592129,1162
1137235,1163
682341,1164
454894,1165
723695,1166
434217,1167
289478,1168
310155,1169
206770,1170
124062,1171
3774901,1172
3194147,1173
2032639,1174
1451885,1175
871131,1176
580754,1177
2442583,1178
1554371,1179
1110265,1180
666159,1181
444106,1182
1315237,1183
939455,1184
563673,1185
375782,1186
597835,1187
358701,1188
239134,1189
256215,1190
170810,1191
102486,1192
2185469,1193
1390753,1194
993395,1195
596037,1196
397358,1197
1176791,1198
840565,1199
504339,1200
336226,1201
534905,1202
320943,1203
213962,1204
229245,1205
152830,1206
91698,1207
899899,1208
642785,1209
385671,1210
257114,1211
409045,1212
245427,1213
163618,1214
175305,1215
116870,1216
70122,1217
346115,1218
207669,1219
138446,1220
148335,1221
98890,1222
59334,1223
94395,1224
62930,1225
37758,1226
26970,1227
2993887,1228
2533289,1229
1612093,1230
1151495,1231
690897,1232
460598,1233
1937221,1234
1232777,1235
880555,1236
528333,1237
352222,1238
1043119,1239
745085,1240
447051,1241
298034,1242
474145,1243
284487,1244
189658,1245
203205,1246
135470,1247
81282,1248
1733303,1249
1103011,1250
787865,1251
472719,1252
315146,1253
933317,1254
666655,1255
399993,1256
266662,1257
424235,1258
254541,1259
169694,1260
181815,1261
121210,1262
72726,1263
713713,1264
509795,1265
305877,1266
203918,1267
324415,1268
194649,1269
129766,1270
139035,1271
92690,1272
55614,1273
274505,1274
164703,1275
109802,1276
117645,1277
78430,1278
47058,1279
74865,1280
49910,1281
29946,1282
21390,1283
1431859,1284
911183,1285
650845,1286
390507,1287
260338,1288
771001,1289
550715,1290
330429,1291
220286,1292
350455,1293
210273,1294
140182,1295
150195,1296
100130,1297
60078,1298
589589,1299
421135,1300
252681,1301
168454,1302
267995,1303
160797,1304
107198,1305
114855,1306
76570,1307
45942,1308
226765,1309
136059,1310
90706,1311
97185,1312
64790,1313
38874,1314
61845,1315
41230,1316
24738,1317
17670,1318
527527,1319
376805,1320
226083,1321
150722,1322
239785,1323
143871,1324
95914,1325
102765,1326
68510,1327
41106,1328
202895,1329
121737,1330
81158,1331
86955,1332
57970,1333
34782,1334
55335,1335
36890,1336
22134,1337
15810,1338
155155,1339
93093,1340
62062,1341
66495,1342
44330,1343
26598,1344
42315,1345
28210,1346
16926,1347
12090,1348
35805,1349
23870,1350
14322,1351
10230,1352
6510,1353
2369851,1354
1508087,1355
1077205,1356
646323,1357
430882,1358
1812239,1359
1153243,1360
823745,1361
494247,1362
329498,1363
975821,1364
697015,1365
418209,1366
278806,1367
443555,1368
266133,1369
177422,1370
190095,1371
126730,1372
76038,1373
1621477,1374
1031849,1375
737035,1376
442221,1377
294814,1378
873103,1379
623645,1380
374187,1381
249458,1382
396865,1383
238119,1384
158746,1385
170085,1386
113390,1387
68034,1388
667667,1389
476905,1390
286143,1391
190762,1392
303485,1393
182091,1394
121394,1395
130065,1396
86710,1397
52026,1398
256795,1399
154077,1400
102718,1401
110055,1402
73370,1403
44022,1404
70035,1405
46690,1406
28014,1407
20010,1408
1339481,1409
852397,1410
608855,1411
365313,1412
243542,1413
721259,1414
515185,1415
309111,1416
206074,1417
327845,1418
196707,1419
131138,1420
140505,1421
93670,1422
56202,1423
551551,1424
393965,1425
236379,1426
157586,1427
250705,1428
150423,1429
100282,1430
107445,1431
71630,1432
42978,1433
212135,1434
127281,1435
84854,1436
90915,1437
60610,1438
36366,1439
57855,1440
38570,1441
23142,1442
16530,1443
493493,1444
352495,1445
211497,1446
140998,1447
224315,1448
134589,1449
89726,1450
96135,1451
64090,1452
38454,1453
189805,1454
113883,1455
75922,1456
81345,1457
54230,1458
32538,1459
51765,1460
34510,1461
20706,1462
14790,1463
145145,1464
87087,1465
58058,1466
62205,1467
41470,1468
24882,1469
39585,1470
26390,1471
15834,1472
11310,1473
33495,1474
22330,1475
13398,1476
9570,1477
6090,1478
676039,1479
482885,1480
289731,1481
193154,1482
572033,1483
408595,1484
245157,1485
163438,1486
260015,1487
156009,1488
104006,1489
111435,1490
74290,1491
44574,1492
437437,1493
312455,1494
187473,1495
124982,1496
198835,1497
119301,1498
79534,1499
85215,1500
56810,1501
34086,1502
168245,1503
100947,1504
67298,1505
72105,1506
48070,1507
28842,1508
45885,1509
30590,1510
18354,1511
13110,1512
391391,1513
279565,1514
167739,1515
111826,1516
177905,1517
106743,1518
71162,1519
76245,1520
50830,1521
30498,1522
150535,1523
90321,1524
60214,1525
64515,1526
43010,1527
25806,1528
41055,1529
27370,1530
16422,1531
11730,1532
115115,1533
69069,1534
46046,1535
49335,1536
32890,1537
19734,1538
31395,1539
20930,1540
12558,1541
8970,1542
26565,1543
17710,1544
10626,1545
7590,1546
4830,1547
230945,1548
138567,1549
92378,1550
146965,1551
88179,1552
58786,1553
62985,1554
41990,1555
25194,1556
124355,1557
74613,1558
49742,1559
53295,1560
35530,1561
21318,1562
33915,1563
22610,1564
13566,1565
9690,1566
95095,1567
57057,1568
38038,1569
40755,1570
27170,1571
16302,1572
25935,1573
17290,1574
10374,1575
7410,1576
21945,1577
14630,1578
8778,1579
6270,1580
3990,1581
51051,1582
34034,1583
36465,1584
24310,1585
14586,1586
23205,1587
15470,1588
9282,1589
6630,1590
19635,1591
13090,1592
7854,1593
5610,1594
3570,1595
10010,1596
6006,1597
4290,1598
2730,1599
