31367009,1600
14535931,1601
6678671,1602
2800733,1603
1062347,1604
323323,1605
85085,1606
15015,1607
2310,1608
8610,1609
25911877,6186
23184311,6187
17729179,6188
15001613,6189
9546481,6190
6818915,6191
4091349,6192
2727566,6193
20550799,6194
18387557,6195
14061073,6196
11897831,6197
7571347,6198
5408105,6199
3244863,6200
2163242,6201
15189721,6202
11615669,6203
9828643,6204
6254591,6205
4467565,6206
2680539,6207
1787026,6208
10392967,6209
8794049,6210
5596213,6211
3997295,6212
2398377,6213
1598918,6214
6724861,6215
4279457,6216
3056755,6217
1834053,6218
1222702,6219
3621079,6220
2586485,6221
1551891,6222
1034594,6223
1645945,6224
987567,6225
658378,6226
705405,6227
470270,6228
282162,6229
19224941,6230
17201263,6231
13153907,6232
11130229,6233
7082873,6234
5059195,6235
3035517,6236
2023678,6237
14209739,6238
10866271,6239
9194537,6240
5851069,6241
4179335,6242
2507601,6243
1671734,6244
9722453,6245
8226691,6246
5235167,6247
3739405,6248
2243643,6249
1495762,6250
6290999,6251
4003363,6252
2859545,6253
1715727,6254
1143818,6255
3387461,6256
2419615,6257
1451769,6258
967846,6259
1539755,6260
923853,6261
615902,6262
659895,6263
439930,6264
263958,6265
11269793,6266
8618077,6267
7292219,6268
4640503,6269
3314645,6270
1988787,6271
1325858,6272
7710911,6273
6524617,6274
4152029,6275
2965735,6276
1779441,6277
1186294,6278
4989413,6279
3175081,6280
2267915,6281
1360749,6282
907166,6283
2686607,6284
1919005,6285
1151403,6286
767602,6287
1221185,6288
732711,6289
488474,6290
523365,6291
348910,6292
209346,6293
6369883,6294
5389901,6295
3429937,6296
2449955,6297
1469973,6298
979982,6299
4121689,6300
2622893,6301
1873495,6302
1124097,6303
749398,6304
2219371,6305
1585265,6306
951159,6307
634106,6308
1008805,6309
605283,6310
403522,6311
432345,6312
288230,6313
172938,6314
3687827,6315
2346799,6316
1676285,6317
1005771,6318
670514,6319
1985753,6320
1418395,6321
851037,6322
567358,6323
902615,6324
541569,6325
361046,6326
386835,6327
257890,6328
154734,6329
1518517,6330
1084655,6331
650793,6332
433862,6333
690235,6334
414141,6335
276094,6336
295815,6337
197210,6338
118326,6339
584045,6340
350427,6341
233618,6342
250305,6343
166870,6344
100122,6345
159285,6346
106190,6347
63714,6348
45510,6349
16107383,6350
14411869,6351
11020841,6352
9325327,6353
5934299,6354
4238785,6355
2543271,6356
1695514,6357
11905457,6358
9104173,6359
7703531,6360
4902247,6361
3501605,6362
2100963,6363
1400642,6364
8145839,6365
6892633,6366
4386221,6367
3133015,6368
1879809,6369
1253206,6370
5270837,6371
3354169,6372
2395835,6373
1437501,6374
958334,6375
2838143,6376
2027245,6377
1216347,6378
810898,6379
1290065,6380
774039,6381
516026,6382
552885,6383
368590,6384
221154,6385
9442259,6386
7220551,6387
6109697,6388
3887989,6389
2777135,6390
1666281,6391
1110854,6392
6460493,6393
5466571,6394
3478727,6395
2484805,6396
1490883,6397
993922,6398
4180319,6399
2660203,6400
1900145,6401
1140087,6402
760058,6403
2250941,6404
1607815,6405
964689,6406
643126,6407
1023155,6408
613893,6409
409262,6410
438495,6411
292330,6412
175398,6413
5336929,6414
4515863,6415
2873731,6416
2052665,6417
1231599,6418
821066,6419
3453307,6420
2197559,6421
1569685,6422
941811,6423
627874,6424
1859473,6425
1328195,6426
796917,6427
531278,6428
845215,6429
507129,6430
338086,6431
362235,6432
241490,6433
144894,6434
3089801,6435
1966237,6436
1404455,6437
842673,6438
561782,6439
1663739,6440
1188385,6441
713031,6442
475354,6443
756245,6444
453747,6445
302498,6446
324105,6447
216070,6448
129642,6449
1272271,6450
908765,6451
545259,6452
363506,6453
578305,6454
346983,6455
231322,6456
247845,6457
165230,6458
99138,6459
489335,6460
293601,6461
195734,6462
209715,6463
139810,6464
83886,6465
133455,6466
88970,6467
53382,6468
38130,6469
8833081,6470
6754709,6471
5715523,6472
3637151,6473
2597965,6474
1558779,6475
1039186,6476
6043687,6477
5113889,6478
3254293,6479
2324495,6480
1394697,6481
929798,6482
3910621,6483
2488577,6484
1777555,6485
1066533,6486
711022,6487
2105719,6488
1504085,6489
902451,6490
601634,6491
957145,6492
574287,6493
382858,6494
410205,6495
273470,6496
164082,6497
4992611,6498
4224517,6499
2688329,6500
1920235,6501
1152141,6502
768094,6503
3230513,6504
2055781,6505
1468415,6506
881049,6507
587366,6508
1739507,6509
1242505,6510
745503,6511
497002,6512
790685,6513
474411,6514
316274,6515
338865,6516
225910,6517
135546,6518
2890459,6519
1839383,6520
1313845,6521
788307,6522
525538,6523
1556401,6524
1111715,6525
667029,6526
444686,6527
707455,6528
424473,6529
282982,6530
303195,6531
202130,6532
121278,6533
1190189,6534
850135,6535
510081,6536
340054,6537
540995,6538
324597,6539
216398,6540
231855,6541
154570,6542
92742,6543
457765,6544
274659,6545
183106,6546
196185,6547
130790,6548
78474,6549
124845,6550
83230,6551
49938,6552
35670,6553
3959657,6554
3350479,6555
2132123,6556
1522945,6557
913767,6558
609178,6559
2562131,6560
1630447,6561
1164605,6562
698763,6563
465842,6564
1379609,6565
985435,6566
591261,6567
394174,6568
627095,6569
376257,6570
250838,6571
268755,6572
179170,6573
107502,6574
2292433,6575
1458821,6576
1042015,6577
625209,6578
416806,6579
1234387,6580
881705,6581
529023,6582
352682,6583
561085,6584
336651,6585
224434,6586
240465,6587
160310,6588
96186,6589
943943,6590
674245,6591
404547,6592
269698,6593
429065,6594
257439,6595
171626,6596
183885,6597
122590,6598
73554,6599
363055,6600
217833,6601
145222,6602
155595,6603
103730,6604
62238,6605
99015,6606
66010,6607
39606,6608
28290,6609
1893749,6610
1205113,6611
860795,6612
516477,6613
344318,6614
1019711,6615
728365,6616
437019,6617
291346,6618
463505,6619
278103,6620
185402,6621
198645,6622
132430,6623
79458,6624
779779,6625
556985,6626
334191,6627
222794,6628
354445,6629
212667,6630
141778,6631
151905,6632
101270,6633
60762,6634
299915,6635
179949,6636
119966,6637
128535,6638
85690,6639
51414,6640
81795,6641
54530,6642
32718,6643
23370,6644
697697,6645
498355,6646
299013,6647
199342,6648
317135,6649
190281,6650
126854,6651
135915,6652
90610,6653
54366,6654
268345,6655
161007,6656
107338,6657
115005,6658
76670,6659
46002,6660
73185,6661
48790,6662
29274,6663
20910,6664
205205,6665
123123,6666
82082,6667
87945,6668
58630,6669
35178,6670
55965,6671
37310,6672
22386,6673
15990,6674
47355,6675
31570,6676
18942,6677
13530,6678
13005833,6679
9945637,6680
8415539,6681
5355343,6682
3825245,6683
2295147,6684
1530098,6685
10743949,6686
8215961,6687
6951967,6688
4423979,6689
3159985,6690
1895991,6691
1263994,6692
7351123,6693
6220181,6694
3958297,6695
2827355,6696
1696413,6697
1130942,6698
4756609,6699
3026933,6700
2162095,6701
1297257,6702
864838,6703
2561251,6704
1829465,6705
1097679,6706
731786,6707
1164205,6708
698523,6709
465682,6710
498945,6711
332630,6712
199578,6713
8521063,6714
6516107,6715
5513629,6716
3508673,6717
2506195,6718
1503717,6719
1002478,6720
5830201,6721
4933247,6722
3139339,6723
2242385,6724
1345431,6725
896954,6726
3772483,6727
2400671,6728
1714765,6729
1028859,6730
685906,6731
2031337,6732
1450955,6733
870573,6734
580382,6735
923335,6736
554001,6737
369334,6738
395715,6739
263810,6740
158286,6741
4816253,6742
4075291,6743
2593367,6744
1852405,6745
1111443,6746
740962,6747
3116399,6748
1983163,6749
1416545,6750
849927,6751
566618,6752
1678061,6753
1198615,6754
719169,6755
479446,6756
762755,6757
457653,6758
305102,6759
326895,6760
217930,6761
130758,6762
2788357,6763
1774409,6764
1267435,6765
760461,6766
506974,6767
1501423,6768
1072445,6769
643467,6770
428978,6771
682465,6772
409479,6773
272986,6774
292485,6775
194990,6776
116994,6777
1148147,6778
820105,6779
492063,6780
328042,6781
521885,6782
313131,6783
208754,6784
223665,6785
149110,6786
89466,6787
441595,6788
264957,6789
176638,6790
189255,6791
126170,6792
75702,6793
120435,6794
80290,6795
48174,6796
34410,6797
7971317,6798
6095713,6799
5157911,6800
3282307,6801
2344505,6802
1406703,6803
937802,6804
5454059,6805
4614973,6806
2936801,6807
2097715,6808
1258629,6809
839086,6810
3529097,6811
2245789,6812
1604135,6813
962481,6814
641654,6815
1900283,6816
1357345,6817
814407,6818
542938,6819
863765,6820
518259,6821
345506,6822
370185,6823
246790,6824
148074,6825
4505527,6826
3812369,6827
2426053,6828
1732895,6829
1039737,6830
693158,6831
2915341,6832
1855217,6833
1325155,6834
795093,6835
530062,6836
1569799,6837
1121285,6838
672771,6839
448514,6840
713545,6841
428127,6842
285418,6843
305805,6844
203870,6845
122322,6846
2608463,6847
1659931,6848
1185665,6849
711399,6850
474266,6851
1404557,6852
1003255,6853
601953,6854
401302,6855
638435,6856
383061,6857
255374,6858
273615,6859
182410,6860
109446,6861
1074073,6862
767195,6863
460317,6864
306878,6865
488215,6866
292929,6867
195286,6868
209235,6869
139490,6870
83694,6871
413105,6872
247863,6873
165242,6874
177045,6875
118030,6876
70818,6877
112665,6878
75110,6879
45066,6880
32190,6881
3573349,6882
3023603,6883
1924111,6884
1374365,6885
824619,6886
549746,6887
2312167,6888
1471379,6889
1050985,6890
630591,6891
420394,6892
1245013,6893
889295,6894
533577,6895
355718,6896
565915,6897
339549,6898
226366,6899
242535,6900
161690,6901
97014,6902
2068781,6903
1316497,6904
940355,6905
564213,6906
376142,6907
1113959,6908
795685,6909
477411,6910
318274,6911
506345,6912
303807,6913
202538,6914
217005,6915
144670,6916
86802,6917
851851,6918
608465,6919
365079,6920
243386,6921
387205,6922
232323,6923
154882,6924
165945,6925
110630,6926
66378,6927
327635,6928
196581,6929
131054,6930
140415,6931
93610,6932
56166,6933
89355,6934
59570,6935
35742,6936
25530,6937
1708993,6938
1087541,6939
776815,6940
466089,6941
310726,6942
920227,6943
657305,6944
394383,6945
262922,6946
418285,6947
250971,6948
167314,6949
179265,6950
119510,6951
71706,6952
703703,6953
502645,6954
301587,6955
201058,6956
319865,6957
191919,6958
127946,6959
137085,6960
91390,6961
54834,6962
270655,6963
162393,6964
108262,6965
115995,6966
77330,6967
46398,6968
73815,6969
49210,6970
29526,6971
21090,6972
629629,6973
449735,6974
269841,6975
179894,6976
286195,6977
171717,6978
114478,6979
122655,6980
81770,6981
49062,6982
242165,6983
145299,6984
96866,6985
103785,6986
69190,6987
41514,6988
66045,6989
44030,6990
26418,6991
18870,6992
185185,6993
111111,6994
74074,6995
79365,6996
52910,6997
31746,6998
50505,6999
33670,7000
20202,7001
14430,7002
42735,7003
28490,7004
17094,7005
12210,7006
7770,7007
5107219,7008
4321493,7009
2750041,7010
1964315,7011
1178589,7012
785726,7013
4569617,7014
3866599,7015
2460563,7016
1757545,7017
1054527,7018
703018,7019
2956811,7020
1881607,7021
1344005,7022
806403,7023
537602,7024
1592129,7025
1137235,7026
682341,7027
454894,7028
723695,7029
434217,7030
289478,7031
310155,7032
206770,7033
124062,7034
3774901,7035
3194147,7036
2032639,7037
1451885,7038
871131,7039
580754,7040
2442583,7041
1554371,7042
1110265,7043
666159,7044
444106,7045
1315237,7046
939455,7047
563673,7048
375782,7049
597835,7050
358701,7051
239134,7052
256215,7053
170810,7054
102486,7055
2185469,7056
1390753,7057
993395,7058
596037,7059
397358,7060
1176791,7061
840565,7062
504339,7063
336226,7064
534905,7065
320943,7066
213962,7067
229245,7068
152830,7069
91698,7070
899899,7071
642785,7072
385671,7073
257114,7074
409045,7075
245427,7076
163618,7077
175305,7078
116870,7079
70122,7080
346115,7081
207669,7082
138446,7083
148335,7084
98890,7085
59334,7086
94395,7087
62930,7088
37758,7089
26970,7090
2993887,7091
2533289,7092
1612093,7093
1151495,7094
690897,7095
460598,7096
1937221,7097
1232777,7098
880555,7099
528333,7100
352222,7101
1043119,7102
745085,7103
447051,7104
298034,7105
474145,7106
284487,7107
189658,7108
203205,7109
135470,7110
81282,7111
1733303,7112
1103011,7113
787865,7114
472719,7115
315146,7116
933317,7117
666655,7118
399993,7119
266662,7120
424235,7121
254541,7122
169694,7123
181815,7124
121210,7125
72726,7126
713713,7127
509795,7128
305877,7129
203918,7130
324415,7131
194649,7132
129766,7133
139035,7134
92690,7135
55614,7136
274505,7137
164703,7138
109802,7139
117645,7140
78430,7141
47058,7142
74865,7143
49910,7144
29946,7145
21390,7146
1431859,7147
911183,7148
650845,7149
390507,7150
260338,7151
771001,7152
550715,7153
330429,7154
220286,7155
350455,7156
210273,7157
140182,7158
150195,7159
100130,7160
60078,7161
589589,7162
421135,7163
252681,7164
168454,7165
267995,7166
160797,7167
107198,7168
114855,7169
76570,7170
45942,7171
226765,7172
136059,7173
90706,7174
97185,7175
64790,7176
38874,7177
61845,7178
41230,7179
24738,7180
17670,7181
527527,7182
376805,7183
226083,7184
150722,7185
239785,7186
143871,7187
95914,7188
102765,7189
68510,7190
41106,7191
202895,7192
121737,7193
81158,7194
86955,7195
57970,7196
34782,7197
55335,7198
36890,7199
22134,7200
15810,7201
155155,7202
93093,7203
62062,7204
66495,7205
44330,7206
26598,7207
42315,7208
28210,7209
16926,7210
12090,7211
35805,7212
23870,7213
14322,7214
10230,7215
6510,7216
2369851,7217
1508087,7218
1077205,7219
646323,7220
430882,7221
1812239,7222
1153243,7223
823745,7224
494247,7225
329498,7226
975821,7227
697015,7228
418209,7229
278806,7230
443555,7231
266133,7232
177422,7233
190095,7234
126730,7235
76038,7236
1621477,7237
1031849,7238
737035,7239
442221,7240
294814,7241
873103,7242
623645,7243
374187,7244
249458,7245
396865,7246
238119,7247
158746,7248
170085,7249
113390,7250
68034,7251
667667,7252
476905,7253
286143,7254
190762,7255
303485,7256
182091,7257
121394,7258
130065,7259
86710,7260
52026,7261
256795,7262
154077,7263
102718,7264
110055,7265
73370,7266
44022,7267
70035,7268
46690,7269
28014,7270
20010,7271
1339481,7272
852397,7273
608855,7274
365313,7275
243542,7276
721259,7277
515185,7278
309111,7279
206074,7280
327845,7281
196707,7282
131138,7283
140505,7284
93670,7285
56202,7286
551551,7287
393965,7288
236379,7289
157586,7290
250705,7291
150423,7292
100282,7293
107445,7294
71630,7295
42978,7296
212135,7297
127281,7298
84854,7299
90915,7300
60610,7301
36366,7302
57855,7303
38570,7304
23142,7305
16530,7306
493493,7307
352495,7308
211497,7309
140998,7310
224315,7311
134589,7312
89726,7313
96135,7314
64090,7315
38454,7316
189805,7317
113883,7318
75922,7319
81345,7320
54230,7321
32538,7322
51765,7323
34510,7324
20706,7325
14790,7326
145145,7327
87087,7328
58058,7329
62205,7330
41470,7331
24882,7332
39585,7333
26390,7334
15834,7335
11310,7336
33495,7337
22330,7338
13398,7339
9570,7340
6090,7341
676039,7342
482885,7343
289731,7344
193154,7345
572033,7346
408595,7347
245157,7348
163438,7349
260015,7350
156009,7351
104006,7352
111435,7353
74290,7354
44574,7355
437437,7356
312455,7357
187473,7358
124982,7359
198835,7360
119301,7361
79534,7362
85215,7363
56810,7364
34086,7365
168245,7366
100947,7367
67298,7368
72105,7369
48070,7370
28842,7371
45885,7372
30590,7373
18354,7374
13110,7375
391391,7376
279565,7377
167739,7378
111826,7379
177905,7380
106743,7381
71162,7382
76245,7383
50830,7384
30498,7385
150535,7386
90321,7387
60214,7388
64515,7389
43010,7390
25806,7391
41055,7392
27370,7393
16422,7394
11730,7395
115115,7396
69069,7397
46046,7398
49335,7399
32890,7400
19734,7401
31395,7402
20930,7403
12558,7404
8970,7405
26565,7406
17710,7407
10626,7408
7590,7409
4830,7410
230945,7411
138567,7412
92378,7413
146965,7414
88179,7415
58786,7416
62985,7417
41990,7418
25194,7419
124355,7420
74613,7421
49742,7422
53295,7423
35530,7424
21318,7425
33915,7426
22610,7427
13566,7428
9690,7429
95095,7430
57057,7431
38038,7432
40755,7433
27170,7434
16302,7435
25935,7436
17290,7437
10374,7438
7410,7439
21945,7440
14630,7441
8778,7442
6270,7443
3990,7444
51051,7445
34034,7446
36465,7447
24310,7448
14586,7449
23205,7450
15470,7451
9282,7452
6630,7453
19635,7454
13090,7455
7854,7456
5610,7457
3570,7458
10010,7459
6006,7460
4290,7461
2730,7462
104553157,11
87598591,12
81947069,13
64992503,14
53689459,15
48037937,16
36734893,17
31083371,18
19780327,19
14128805,20
8477283,21
5651522,22
76840601,23
58098991,24
54350669,25
43105703,26
35609059,27
31860737,28
24364093,29
20615771,30
13119127,31
9370805,32
5622483,33
3748322,34
37864361,35
34170277,36
26782109,37
21240983,38
17546899,39
15699857,40
12005773,41
10158731,42
6464647,43
4617605,44
2770563,45
1847042,46
28998521,47
26169397,48
21925711,49
16267463,50
13438339,51
12023777,52
9194653,53
7780091,54
4950967,55
3536405,56
2121843,57
1414562,58
11473481,59
10354117,60
8675071,61
8115389,62
5316979,63
4757297,64
3637933,65
3078251,66
1958887,67
1399205,68
839523,69
559682,70
5343161,71
4821877,72
4039951,73
3779309,74
2997383,75
2215457,76
1694173,77
1433531,78
912247,79
651605,80
390963,81
260642,82
3424361,83
3090277,84
2589151,85
2422109,86
1920983,87
1586899,88
1085773,89
918731,90
584647,91
417605,92
250563,93
167042,94
1171001,95
1056757,96
885391,97
828269,98
656903,99
542659,100
485537,101
314171,102
199927,103
142805,104
85683,105
57122,106
600281,107
541717,108
453871,109
424589,110
336743,111
278179,112
248897,113
190333,114
102487,115
73205,116
43923,117
29282,118
98441,119
88837,120
74431,121
69629,122
55223,123
45619,124
40817,125
31213,126
26411,127
12005,128
7203,129
4802,130
25625,131
23125,132
19375,133
18125,134
14375,135
11875,136
10625,137
8125,138
6875,139
4375,140
1875,141
1250,142
3321,143
2997,144
2511,145
2349,146
1863,147
1539,148
1377,149
1053,150
891,151
567,152
405,153
162,154
656,155
592,156
496,157
464,158
368,159
304,160
272,161
208,162
176,163
112,164
80,165
48,166
94352849,167
66233081,168
57962561,169
36459209,170
24880481,171
19918169,172
11647649,173
8339441,174
3377129,175
1723025,176
620289,177
275684,178
85147693,179
48677533,180
42599173,181
26795437,182
18285733,183
14638717,184
8560357,185
6129013,186
2481997,187
1266325,188
455877,189
202612,190
50078671,191
40783879,192
25054231,193
15759439,194
10754551,195
8609599,196
5034679,197
3604711,198
1459759,199
744775,200
268119,201
119164,202
40997909,203
33388541,204
23437829,205
12901781,206
8804429,207
7048421,208
4121741,209
2951069,210
1195061,211
609725,212
219501,213
97556,214
20452727,215
16656623,216
11692487,217
10232447,218
4392287,219
3516263,220
2056223,221
1472207,222
596183,223
304175,224
109503,225
48668,226
11529979,227
9389971,228
6591499,229
5768419,230
3628411,231
1982251,232
1159171,233
829939,234
336091,235
171475,236
61731,237
27436,238
8258753,239
6725897,240
4721393,241
4131833,242
2598977,243
1773593,244
830297,245
594473,246
240737,247
122825,248
44217,249
19652,250
3693157,251
3007693,252
2111317,253
1847677,254
1162213,255
793117,256
634933,257
265837,258
107653,259
54925,260
19773,261
8788,262
2237411,263
1822139,264
1279091,265
1119371,266
704099,267
480491,268
384659,269
224939,270
65219,271
33275,272
11979,273
5324,274
576583,275
469567,276
329623,277
288463,278
181447,279
123823,280
99127,281
57967,282
41503,283
8575,284
3087,285
1372,286
210125,287
171125,288
120125,289
105125,290
66125,291
45125,292
36125,293
21125,294
15125,295
6125,296
1125,297
500,298
45387,299
36963,300
25947,301
22707,302
14283,303
9747,304
7803,305
4563,306
3267,307
1323,308
675,309
108,310
13448,311
10952,312
7688,313
6728,314
4232,315
2888,316
2312,317
1352,318
968,319
392,320
200,321
72,322
79052387,1610
73952233,1611
58651771,1612
48451463,1613
43351309,1614
33151001,1615
28050847,1616
17850539,1617
12750385,1618
7650231,1619
5100154,1620
61959979,1621
49140673,1622
40594469,1623
36321367,1624
27775163,1625
23502061,1626
14955857,1627
10682755,1628
6409653,1629
4273102,1630
45970307,1631
37975471,1632
33978053,1633
25983217,1634
21985799,1635
13990963,1636
9993545,1637
5996127,1638
3997418,1639
30118477,1640
26948111,1641
20607379,1642
17437013,1643
11096281,1644
7925915,1645
4755549,1646
3170366,1647
22261483,1648
17023487,1649
14404489,1650
9166493,1651
6547495,1652
3928497,1653
2618998,1654
15231541,1655
12888227,1656
8201599,1657
5858285,1658
3514971,1659
2343314,1660
9855703,1661
6271811,1662
4479865,1663
2687919,1664
1791946,1665
5306917,1666
3790655,1667
2274393,1668
1516262,1669
2412235,1670
1447341,1671
964894,1672
1033815,1673
689210,1674
413526,1675
64379963,1676
60226417,1677
47765779,1678
39458687,1679
35305141,1680
26998049,1681
22844503,1682
14537411,1683
10383865,1684
6230319,1685
4153546,1686
45537047,1687
36115589,1688
29834617,1689
26694131,1690
20413159,1691
17272673,1692
10991701,1693
7851215,1694
4710729,1695
3140486,1696
33785551,1697
27909803,1698
24971929,1699
19096181,1700
16158307,1701
10282559,1702
7344685,1703
4406811,1704
2937874,1705
22135361,1706
19805323,1707
15145247,1708
12815209,1709
8155133,1710
5825095,1711
3495057,1712
2330038,1713
16360919,1714
12511291,1715
10586477,1716
6736849,1717
4812035,1718
2887221,1719
1924814,1720
11194313,1721
9472111,1722
6027707,1723
4305505,1724
2583303,1725
1722202,1726
7243379,1727
4609423,1728
3292445,1729
1975467,1730
1316978,1731
3900281,1732
2785915,1733
1671549,1734
1114366,1735
1772855,1736
1063713,1737
709142,1738
759795,1739
506530,1740
303918,1741
45192947,1742
35421499,1743
28092913,1744
23207189,1745
20764327,1746
15878603,1747
13435741,1748
8550017,1749
6107155,1750
3664293,1751
2442862,1752
31965743,1753
25352141,1754
20943073,1755
18738539,1756
14329471,1757
12124937,1758
7715869,1759
5511335,1760
3306801,1761
2204534,1762
19870597,1763
16414841,1764
14686963,1765
11231207,1766
9503329,1767
6047573,1768
4319695,1769
2591817,1770
1727878,1771
13018667,1772
11648281,1773
8907509,1774
7537123,1775
4796351,1776
3425965,1777
2055579,1778
1370386,1779
9622493,1780
7358377,1781
6226319,1782
3962203,1783
2830145,1784
1698087,1785
1132058,1786
6583811,1787
5570917,1788
3545129,1789
2532235,1790
1519341,1791
1012894,1792
4260113,1793
2710981,1794
1936415,1795
1161849,1796
774566,1797
2293907,1798
1638505,1799
983103,1800
655402,1801
1042685,1802
625611,1803
417074,1804
446865,1805
297910,1806
178746,1807
36998113,1808
30998419,1809
22998827,1810
18999031,1811
16999133,1812
12999337,1813
10999439,1814
6999643,1815
4999745,1816
2999847,1817
1999898,1818
27974183,1819
20755039,1820
17145467,1821
15340681,1822
11731109,1823
9926323,1824
6316751,1825
4511965,1826
2707179,1827
1804786,1828
17389357,1829
14365121,1830
12853003,1831
9828767,1832
8316649,1833
5292413,1834
3780295,1835
2268177,1836
1512118,1837
10657993,1838
9536099,1839
7292311,1840
6170417,1841
3926629,1842
2804735,1843
1682841,1844
1121894,1845
7877647,1846
6024083,1847
5097301,1848
3243737,1849
2316955,1850
1390173,1851
926782,1852
5389969,1853
4560743,1854
2902291,1855
2073065,1856
1243839,1857
829226,1858
3487627,1859
2219399,1860
1585285,1861
951171,1862
634114,1863
1877953,1864
1341395,1865
804837,1866
536558,1867
853615,1868
512169,1869
341446,1870
365835,1871
243890,1872
146334,1873
18457339,1874
15464257,1875
14466563,1876
9478093,1877
8480399,1878
6485011,1879
5487317,1880
3491929,1881
2494235,1882
1496541,1883
997694,1884
13955549,1885
13055191,1886
8553401,1887
7653043,1888
5852327,1889
4951969,1890
3151253,1891
2250895,1892
1350537,1893
900358,1894
10938133,1895
7166363,1896
6412009,1897
4903301,1898
4148947,1899
2640239,1900
1885885,1901
1131531,1902
754354,1903
6704017,1904
5998331,1905
4586959,1906
3881273,1907
2469901,1908
1764215,1909
1058529,1910
705686,1911
3929941,1912
3005249,1913
2542903,1914
1618211,1915
1155865,1916
693519,1917
462346,1918
2688907,1919
2275229,1920
1447873,1921
1034195,1922
620517,1923
413678,1924
1739881,1925
1107197,1926
790855,1927
474513,1928
316342,1929
936859,1930
669185,1931
401511,1932
267674,1933
425845,1934
255507,1935
170338,1936
182505,1937
121670,1938
73002,1939
10405103,1940
8717789,1941
8155351,1942
6468037,1943
4780723,1944
3655847,1945
3093409,1946
1968533,1947
1406095,1948
843657,1949
562438,1950
7867273,1951
7359707,1952
5837009,1953
4314311,1954
3299179,1955
2791613,1956
1776481,1957
1268915,1958
761349,1959
507566,1960
6166241,1961
4890467,1962
3614693,1963
2764177,1964
2338919,1965
1488403,1966
1063145,1967
637887,1968
425258,1969
4574953,1970
3381487,1971
2585843,1972
2188021,1973
1392377,1974
994555,1975
596733,1976
397822,1977
2681869,1978
2050841,1979
1735327,1980
1104299,1981
788785,1982
473271,1983
315514,1984
1515839,1985
1282633,1986
816221,1987
583015,1988
349809,1989
233206,1990
980837,1991
624169,1992
445835,1993
267501,1994
178334,1995
528143,1996
377245,1997
226347,1998
150898,1999
240065,2000
144039,2001
96026,2002
102885,2003
68590,2004
41154,2005
7453021,2006
6244423,2007
5841557,2008
4632959,2009
3827227,2010
2618629,2011
2215763,2012
1410031,2013
1007165,2014
604299,2015
402866,2016
5635211,2017
5271649,2018
4180963,2019
3453839,2020
2363153,2021
1999591,2022
1272467,2023
908905,2024
545343,2025
363562,2026
4416787,2027
3502969,2028
2893757,2029
1979939,2030
1675333,2031
1066121,2032
761515,2033
456909,2034
304606,2035
3276971,2036
2707063,2037
1852201,2038
1567247,2039
997339,2040
712385,2041
427431,2042
284954,2043
2146981,2044
1468987,2045
1242989,2046
790993,2047
564995,2048
338997,2049
225998,2050
1213511,2051
1026817,2052
653429,2053
466735,2054
280041,2055
186694,2056
702559,2057
447083,2058
319345,2059
191607,2060
127738,2061
378301,2062
270215,2063
162129,2064
108086,2065
171955,2066
103173,2067
68782,2068
73695,2069
49130,2070
29478,2071
3332849,2072
2792387,2073
2612233,2074
2071771,2075
1711463,2076
1531309,2077
990847,2078
630539,2079
450385,2080
270231,2081
180154,2082
2519959,2083
2357381,2084
1869647,2085
1544491,2086
1381913,2087
894179,2088
569023,2089
406445,2090
243867,2091
162578,2092
1975103,2093
1566461,2094
1294033,2095
1157819,2096
749177,2097
476749,2098
340535,2099
204321,2100
136214,2101
1465399,2102
1210547,2103
1083121,2104
700843,2105
445991,2106
318565,2107
191139,2108
127426,2109
960089,2110
859027,2111
555841,2112
353717,2113
252655,2114
151593,2115
101062,2116
709631,2117
459173,2118
292201,2119
208715,2120
125229,2121
83486,2122
410839,2123
261443,2124
186745,2125
112047,2126
74698,2127
169169,2128
120835,2129
72501,2130
48334,2131
76895,2132
46137,2133
30758,2134
32955,2135
21970,2136
13182,2137
2019127,2138
1691701,2139
1582559,2140
1255133,2141
1036849,2142
927707,2143
709423,2144
381997,2145
272855,2146
163713,2147
109142,2148
1526657,2149
1428163,2150
1132681,2151
935693,2152
837199,2153
640211,2154
344729,2155
246235,2156
147741,2157
98494,2158
1196569,2159
949003,2160
783959,2161
701437,2162
536393,2163
288827,2164
206305,2165
123783,2166
82522,2167
887777,2168
733381,2169
656183,2170
501787,2171
270193,2172
192995,2173
115797,2174
77198,2175
581647,2176
520421,2177
397969,2178
214291,2179
153065,2180
91839,2181
61226,2182
429913,2183
328757,2184
177023,2185
126445,2186
75867,2187
50578,2188
294151,2189
158389,2190
113135,2191
67881,2192
45254,2193
121121,2194
86515,2195
51909,2196
34606,2197
46585,2198
27951,2199
18634,2200
19965,2201
13310,2202
7986,2203
520331,2204
435953,2205
407827,2206
323449,2207
267197,2208
239071,2209
182819,2210
154693,2211
70315,2212
42189,2213
28126,2214
393421,2215
368039,2216
291893,2217
241129,2218
215747,2219
164983,2220
139601,2221
63455,2222
38073,2223
25382,2224
308357,2225
244559,2226
202027,2227
180761,2228
138229,2229
116963,2230
53165,2231
31899,2232
21266,2233
228781,2234
188993,2235
169099,2236
129311,2237
109417,2238
49735,2239
29841,2240
19894,2241
149891,2242
134113,2243
102557,2244
86779,2245
39445,2246
23667,2247
15778,2248
110789,2249
84721,2250
71687,2251
32585,2252
19551,2253
13034,2254
75803,2255
64141,2256
29155,2257
17493,2258
11662,2259
49049,2260
22295,2261
13377,2262
8918,2263
18865,2264
11319,2265
7546,2266
5145,2267
3430,2268
2058,2269
189625,2270
158875,2271
148625,2272
117875,2273
97375,2274
87125,2275
66625,2276
56375,2277
35875,2278
15375,2279
10250,2280
143375,2281
134125,2282
106375,2283
87875,2284
78625,2285
60125,2286
50875,2287
32375,2288
13875,2289
9250,2290
112375,2291
89125,2292
73625,2293
65875,2294
50375,2295
42625,2296
27125,2297
11625,2298
7750,2299
83375,2300
68875,2301
61625,2302
47125,2303
39875,2304
25375,2305
10875,2306
7250,2307
54625,2308
48875,2309
37375,2310
31625,2311
20125,2312
8625,2313
5750,2314
40375,2315
30875,2316
26125,2317
16625,2318
7125,2319
4750,2320
27625,2321
23375,2322
14875,2323
6375,2324
4250,2325
17875,2326
11375,2327
4875,2328
3250,2329
9625,2330
4125,2331
2750,2332
2625,2333
1750,2334
750,2335
40959,2336
34317,2337
32103,2338
25461,2339
21033,2340
18819,2341
14391,2342
12177,2343
7749,2344
5535,2345
2214,2346
30969,2347
28971,2348
22977,2349
18981,2350
16983,2351
12987,2352
10989,2353
6993,2354
4995,2355
1998,2356
24273,2357
19251,2358
15903,2359
14229,2360
10881,2361
9207,2362
5859,2363
4185,2364
1674,2365
18009,2366
14877,2367
13311,2368
10179,2369
8613,2370
5481,2371
3915,2372
1566,2373
11799,2374
10557,2375
8073,2376
6831,2377
4347,2378
3105,2379
1242,2380
8721,2381
6669,2382
5643,2383
3591,2384
2565,2385
1026,2386
5967,2387
5049,2388
3213,2389
2295,2390
918,2391
3861,2392
2457,2393
1755,2394
702,2395
2079,2396
1485,2397
594,2398
945,2399
378,2400
270,2401
12136,2402
10168,2403
9512,2404
7544,2405
6232,2406
5576,2407
4264,2408
3608,2409
2296,2410
1640,2411
984,2412
9176,2413
8584,2414
6808,2415
5624,2416
5032,2417
3848,2418
3256,2419
2072,2420
1480,2421
888,2422
7192,2423
5704,2424
4712,2425
4216,2426
3224,2427
2728,2428
1736,2429
1240,2430
744,2431
5336,2432
4408,2433
3944,2434
3016,2435
2552,2436
1624,2437
1160,2438
696,2439
3496,2440
3128,2441
2392,2442
2024,2443
1288,2444
920,2445
552,2446
2584,2447
1976,2448
1672,2449
1064,2450
760,2451
456,2452
1768,2453
1496,2454
952,2455
680,2456
408,2457
1144,2458
728,2459
520,2460
312,2461
616,2462
440,2463
264,2464
280,2465
168,2466
120,2467
71339959,2468
66737381,2469
52929647,2470
43724491,2471
39121913,2472
29916757,2473
25314179,2474
16109023,2475
11506445,2476
6903867,2477
4602578,2478
59771317,2479
46847789,2480
37155143,2481
30693379,2482
27462497,2483
21000733,2484
17769851,2485
11308087,2486
8077205,2487
4846323,2488
3230882,2489
52307677,2490
43825351,2491
32515583,2492
26860699,2493
24033257,2494
18378373,2495
15550931,2496
9896047,2497
7068605,2498
4241163,2499
2827442,2500
32902213,2501
27566719,2502
25788221,2503
16895731,2504
15117233,2505
11560237,2506
9781739,2507
6224743,2508
4446245,2509
2667747,2510
1778498,2511
22453117,2512
18812071,2513
17598389,2514
13957343,2515
10316297,2516
7888933,2517
6675251,2518
4247887,2519
3034205,2520
1820523,2521
1213682,2522
17974933,2523
15060079,2524
14088461,2525
11173607,2526
9230371,2527
6315517,2528
5343899,2529
3400663,2530
2429045,2531
1457427,2532
971618,2533
10511293,2534
8806759,2535
8238581,2536
6534047,2537
5397691,2538
4829513,2539
3124979,2540
1988623,2541
1420445,2542
852267,2543
568178,2544
7525837,2545
6305431,2546
5898629,2547
4678223,2548
3864619,2549
3457817,2550
2644213,2551
1423807,2552
1017005,2553
610203,2554
406802,2555
3047653,2556
2553439,2557
2388701,2558
1894487,2559
1565011,2560
1400273,2561
1070797,2562
906059,2563
411845,2564
247107,2565
164738,2566
1554925,2567
1302775,2568
1218725,2569
966575,2570
798475,2571
714425,2572
546325,2573
462275,2574
294175,2575
126075,2576
84050,2577
559773,2578
468999,2579
438741,2580
347967,2581
287451,2582
257193,2583
196677,2584
166419,2585
105903,2586
75645,2587
30258,2588
248788,2589
208444,2590
194996,2591
154652,2592
127756,2593
114308,2594
87412,2595
73964,2596
47068,2597
33620,2598
20172,2599
53939969,2600
38152661,2601
30259007,2602
24996571,2603
22365353,2604
17102917,2605
14471699,2606
9209263,2607
6578045,2608
3946827,2609
2631218,2610
47204489,2611
35691199,2612
26480567,2613
21875251,2614
19572593,2615
14967277,2616
12664619,2617
8059303,2618
5756645,2619
3453987,2620
2302658,2621
29692241,2622
22450231,2623
21001829,2624
13759819,2625
12311417,2626
9414613,2627
7966211,2628
5069407,2629
3621005,2630
2172603,2631
1448402,2632
20262569,2633
15320479,2634
14332061,2635
11366807,2636
8401553,2637
6424717,2638
5436299,2639
3459463,2640
2471045,2641
1482627,2642
988418,2643
16221281,2644
12264871,2645
11473589,2646
9099743,2647
7517179,2648
5143333,2649
4352051,2650
2769487,2651
1978205,2652
1186923,2653
791282,2654
9485801,2655
7172191,2656
6709469,2657
5321303,2658
4395859,2659
3933137,2660
2544971,2661
1619527,2662
1156805,2663
694083,2664
462722,2665
6791609,2666
5135119,2667
4803821,2668
3809927,2669
3147331,2670
2816033,2671
2153437,2672
1159543,2673
828245,2674
496947,2675
331298,2676
2750321,2677
2079511,2678
1945349,2679
1542863,2680
1274539,2681
1140377,2682
872053,2683
737891,2684
335405,2685
201243,2686
134162,2687
1403225,2688
1060975,2689
992525,2690
787175,2691
650275,2692
581825,2693
444925,2694
376475,2695
239575,2696
102675,2697
68450,2698
505161,2699
381951,2700
357309,2701
283383,2702
234099,2703
209457,2704
160173,2705
135531,2706
86247,2707
61605,2708
24642,2709
224516,2710
169756,2711
158804,2712
125948,2713
104044,2714
93092,2715
71188,2716
60236,2717
38332,2718
27380,2719
16428,2720
33136241,2721
29903437,2722
18588623,2723
15355819,2724
13739417,2725
10506613,2726
8890211,2727
5657407,2728
4041005,2729
2424603,2730
1616402,2731
20843129,2732
18809653,2733
14742701,2734
9659011,2735
8642273,2736
6608797,2737
5592059,2738
3558583,2739
2541845,2740
1525107,2741
1016738,2742
14223761,2743
12836077,2744
10060709,2745
7979183,2746
5897657,2747
4509973,2748
3816131,2749
2428447,2750
1734605,2751
1040763,2752
693842,2753
11386889,2754
10275973,2755
8054141,2756
6387767,2757
5276851,2758
3610477,2759
3055019,2760
1944103,2761
1388645,2762
833187,2763
555458,2764
6658769,2765
6009133,2766
4709861,2767
3735407,2768
3085771,2769
2760953,2770
1786499,2771
1136863,2772
812045,2773
487227,2774
324818,2775
4767521,2776
4302397,2777
3372149,2778
2674463,2779
2209339,2780
1976777,2781
1511653,2782
813967,2783
581405,2784
348843,2785
232562,2786
1930649,2787
1742293,2788
1365581,2789
1083047,2790
894691,2791
800513,2792
612157,2793
517979,2794
235445,2795
141267,2796
94178,2797
985025,2798
888925,2799
696725,2800
552575,2801
456475,2802
408425,2803
312325,2804
264275,2805
168175,2806
72075,2807
48050,2808
354609,2809
320013,2810
250821,2811
198927,2812
164331,2813
147033,2814
112437,2815
95139,2816
60543,2817
43245,2818
17298,2819
157604,2820
142228,2821
111476,2822
88412,2823
73036,2824
65348,2825
49972,2826
42284,2827
26908,2828
19220,2829
11532,2830
18240449,2831
16460893,2832
13791559,2833
8452891,2834
7563113,2835
5783557,2836
4893779,2837
3114223,2838
2224445,2839
1334667,2840
889778,2841
12447641,2842
11233237,2843
9411631,2844
6982823,2845
5161217,2846
3946813,2847
3339611,2848
2125207,2849
1518005,2850
910803,2851
607202,2852
9965009,2853
8992813,2854
7534519,2855
5590127,2856
4617931,2857
3159637,2858
2673539,2859
1701343,2860
1215245,2861
729147,2862
486098,2863
5827289,2864
5258773,2865
4405999,2866
3268967,2867
2700451,2868
2416193,2869
1563419,2870
994903,2871
710645,2872
426387,2873
284258,2874
4172201,2875
3765157,2876
3154591,2877
2340503,2878
1933459,2879
1729937,2880
1322893,2881
712327,2882
508805,2883
305283,2884
203522,2885
1689569,2886
1524733,2887
1277479,2888
947807,2889
782971,2890
700553,2891
535717,2892
453299,2893
206045,2894
123627,2895
82418,2896
862025,2897
777925,2898
651775,2899
483575,2900
399475,2901
357425,2902
273325,2903
231275,2904
147175,2905
63075,2906
42050,2907
310329,2908
280053,2909
234639,2910
174087,2911
143811,2912
128673,2913
98397,2914
83259,2915
52983,2916
37845,2917
15138,2918
137924,2919
124468,2920
104284,2921
77372,2922
63916,2923
57188,2924
43732,2925
37004,2926
23548,2927
16820,2928
10092,2929
7829729,2930
7065853,2931
5920039,2932
5538101,2933
3246473,2934
2482597,2935
2100659,2936
1336783,2937
954845,2938
572907,2939
381938,2940
6268121,2941
5656597,2942
4739311,2943
4433549,2944
2904739,2945
1987453,2946
1681691,2947
1070167,2948
764405,2949
458643,2950
305762,2951
3665441,2952
3307837,2953
2771431,2954
2592629,2955
1698619,2956
1519817,2957
983411,2958
625807,2959
447005,2960
268203,2961
178802,2962
2624369,2963
2368333,2964
1984279,2965
1856261,2966
1216171,2967
1088153,2968
832117,2969
448063,2970
320045,2971
192027,2972
128018,2973
1062761,2974
959077,2975
803551,2976
751709,2977
492499,2978
440657,2979
336973,2980
285131,2981
129605,2982
77763,2983
51842,2984
542225,2985
489325,2986
409975,2987
383525,2988
251275,2989
224825,2990
171925,2991
145475,2992
92575,2993
39675,2994
26450,2995
195201,2996
176157,2997
147591,2998
138069,2999
90459,3000
80937,3001
61893,3002
52371,3003
33327,3004
23805,3005
9522,3006
86756,3007
78292,3008
65596,3009
61364,3010
40204,3011
35972,3012
27508,3013
23276,3014
14812,3015
10580,3016
6348,3017
4277489,3018
3860173,3019
3234199,3020
3025541,3021
2399567,3022
1356277,3023
1147619,3024
730303,3025
521645,3026
312987,3027
208658,3028
2501369,3029
2257333,3030
1891279,3031
1769261,3032
1403207,3033
1037153,3034
671099,3035
427063,3036
305045,3037
183027,3038
122018,3039
1790921,3040
1616197,3041
1354111,3042
1266749,3043
1004663,3044
742577,3045
567853,3046
305767,3047
218405,3048
131043,3049
87362,3050
725249,3051
654493,3052
548359,3053
512981,3054
406847,3055
300713,3056
229957,3057
194579,3058
88445,3059
53067,3060
35378,3061
370025,3062
333925,3063
279775,3064
261725,3065
207575,3066
153425,3067
117325,3068
99275,3069
63175,3070
27075,3071
18050,3072
133209,3073
120213,3074
100719,3075
94221,3076
74727,3077
55233,3078
42237,3079
35739,3080
22743,3081
16245,3082
6498,3083
59204,3084
53428,3085
44764,3086
41876,3087
33212,3088
24548,3089
18772,3090
15884,3091
10108,3092
7220,3093
4332,3094
2002481,3095
1807117,3096
1514071,3097
1416389,3098
1123343,3099
927979,3100
537251,3101
341887,3102
244205,3103
146523,3104
97682,3105
1433729,3106
1293853,3107
1084039,3108
1014101,3109
804287,3110
664411,3111
454597,3112
244783,3113
174845,3114
104907,3115
69938,3116
580601,3117
523957,3118
438991,3119
410669,3120
325703,3121
269059,3122
184093,3123
155771,3124
70805,3125
42483,3126
28322,3127
296225,3128
267325,3129
223975,3130
209525,3131
166175,3132
137275,3133
93925,3134
79475,3135
50575,3136
21675,3137
14450,3138
106641,3139
96237,3140
80631,3141
75429,3142
59823,3143
49419,3144
33813,3145
28611,3146
18207,3147
13005,3148
5202,3149
47396,3150
42772,3151
35836,3152
33524,3153
26588,3154
21964,3155
15028,3156
12716,3157
8092,3158
5780,3159
3468,3160
838409,3161
756613,3162
633919,3163
593021,3164
470327,3165
388531,3166
347633,3167
143143,3168
102245,3169
61347,3170
40898,3171
339521,3172
306397,3173
256711,3174
240149,3175
190463,3176
157339,3177
140777,3178
91091,3179
41405,3180
24843,3181
16562,3182
173225,3183
156325,3184
130975,3185
122525,3186
97175,3187
80275,3188
71825,3189
46475,3190
29575,3191
12675,3192
8450,3193
62361,3194
56277,3195
47151,3196
44109,3197
34983,3198
28899,3199
25857,3200
16731,3201
10647,3202
7605,3203
3042,3204
27716,3205
25012,3206
20956,3207
19604,3208
15548,3209
12844,3210
11492,3211
7436,3212
4732,3213
3380,3214
2028,3215
243089,3216
219373,3217
183799,3218
171941,3219
136367,3220
112651,3221
100793,3222
77077,3223
29645,3224
17787,3225
11858,3226
124025,3227
111925,3228
93775,3229
87725,3230
69575,3231
57475,3232
51425,3233
39325,3234
21175,3235
9075,3236
6050,3237
44649,3238
40293,3239
33759,3240
31581,3241
25047,3242
20691,3243
18513,3244
14157,3245
7623,3246
5445,3247
2178,3248
19844,3249
17908,3250
15004,3251
14036,3252
11132,3253
9196,3254
8228,3255
6292,3256
3388,3257
2420,3258
1452,3259
50225,3260
45325,3261
37975,3262
35525,3263
28175,3264
23275,3265
20825,3266
15925,3267
13475,3268
3675,3269
2450,3270
18081,3271
16317,3272
13671,3273
12789,3274
10143,3275
8379,3276
7497,3277
5733,3278
4851,3279
2205,3280
882,3281
8036,3282
7252,3283
6076,3284
5684,3285
4508,3286
3724,3287
3332,3288
2548,3289
2156,3290
980,3291
588,3292
9225,3293
8325,3294
6975,3295
6525,3296
5175,3297
4275,3298
3825,3299
2925,3300
2475,3301
1575,3302
450,3303
4100,3304
3700,3305
3100,3306
2900,3307
2300,3308
1900,3309
1700,3310
1300,3311
1100,3312
700,3313
300,3314
1476,3315
1332,3316
1116,3317
1044,3318
828,3319
684,3320
612,3321
468,3322
396,3323
252,3324
180,3325
55915103,3326
44346461,3327
36634033,3328
32777819,3329
25065391,3330
21209177,3331
13496749,3332
9640535,3333
5784321,3334
3856214,3335
41485399,3336
34270547,3337
30663121,3338
23448269,3339
19840843,3340
12625991,3341
9018565,3342
5411139,3343
3607426,3344
27180089,3345
24319027,3346
18596903,3347
15735841,3348
10013717,3349
7152655,3350
4291593,3351
2861062,3352
20089631,3353
15362659,3354
12999173,3355
8272201,3356
5908715,3357
3545229,3358
2363486,3359
13745537,3360
11630839,3361
7401443,3362
5286745,3363
3172047,3364
2114698,3365
8894171,3366
5659927,3367
4042805,3368
2425683,3369
1617122,3370
4789169,3371
3420835,3372
2052501,3373
1368334,3374
2176895,3375
1306137,3376
870758,3377
932955,3378
621970,3379
373182,3380
34758037,3381
28713161,3382
25690723,3383
19645847,3384
16623409,3385
10578533,3386
7556095,3387
4533657,3388
3022438,3389
22772507,3390
20375401,3391
15581189,3392
13184083,3393
8389871,3394
5992765,3395
3595659,3396
2397106,3397
16831853,3398
12871417,3399
10891199,3400
6930763,3401
4950545,3402
2970327,3403
1980218,3404
11516531,3405
9744757,3406
6201209,3407
4429435,3408
2657661,3409
1771774,3410
7451873,3411
4742101,3412
3387215,3413
2032329,3414
1354886,3415
4012547,3416
2866105,3417
1719663,3418
1146442,3419
1823885,3420
1094331,3421
729554,3422
781665,3423
521110,3424
312666,3425
21303313,3426
19060859,3427
14575951,3428
12333497,3429
7848589,3430
5606135,3431
3363681,3432
2242454,3433
15745927,3434
12041003,3435
10188541,3436
6483617,3437
4631155,3438
2778693,3439
1852462,3440
10773529,3441
9116063,3442
5801131,3443
4143665,3444
2486199,3445
1657466,3446
6971107,3447
4436159,3448
3168685,3449
1901211,3450
1267474,3451
3753673,3452
2681195,3453
1608717,3454
1072478,3455
1706215,3456
1023729,3457
682486,3458
731235,3459
487490,3460
292494,3461
12488149,3462
9549761,3463
8080567,3464
5142179,3465
3672985,3466
2203791,3467
1469194,3468
8544523,3469
7229981,3470
4600897,3471
3286355,3472
1971813,3473
1314542,3474
5528809,3475
3518333,3476
2513095,3477
1507857,3478
1005238,3479
2977051,3480
2126465,3481
1275879,3482
850586,3483
1353205,3484
811923,3485
541282,3486
579945,3487
386630,3488
231978,3489
7058519,3490
5972593,3491
3800741,3492
2714815,3493
1628889,3494
1085926,3495
4567277,3496
2906449,3497
2076035,3498
1245621,3499
830414,3500
2459303,3501
1756645,3502
1053987,3503
702658,3504
1117865,3505
670719,3506
447146,3507
479085,3508
319390,3509
191634,3510
4086511,3511
2600507,3512
1857505,3513
1114503,3514
743002,3515
2200429,3516
1571735,3517
943041,3518
628694,3519
1000195,3520
600117,3521
400078,3522
428655,3523
285770,3524
171462,3525
1682681,3526
1201915,3527
721149,3528
480766,3529
764855,3530
458913,3531
305942,3532
327795,3533
218530,3534
131118,3535
647185,3536
388311,3537
258874,3538
277365,3539
184910,3540
110946,3541
176505,3542
117670,3543
70602,3544
50430,3545
50459971,3546
40019977,3547
33059981,3548
29579983,3549
22619987,3550
19139989,3551
12179993,3552
8699995,3553
5219997,3554
3479998,3555
37438043,3556
30927079,3557
27671597,3558
21160633,3559
17905151,3560
11394187,3561
8138705,3562
4883223,3563
3255482,3564
24528373,3565
21946439,3566
16782571,3567
14200637,3568
9036769,3569
6454835,3570
3872901,3571
2581934,3572
18129667,3573
13863863,3574
11730961,3575
7465157,3576
5332255,3577
3199353,3578
2132902,3579
12404509,3580
10496123,3581
6679351,3582
4770965,3583
2862579,3584
1908386,3585
8026447,3586
5107739,3587
3648385,3588
2189031,3589
1459354,3590
4321933,3591
3087095,3592
1852257,3593
1234838,3594
1964515,3595
1178709,3596
785806,3597
841935,3598
561290,3599
336774,3600
28306813,3601
23383889,3602
20922427,3603
15999503,3604
13538041,3605
8615117,3606
6153655,3607
3692193,3608
2461462,3609
18545843,3610
16593649,3611
12689261,3612
10737067,3613
6832679,3614
4880485,3615
2928291,3616
1952194,3617
13707797,3618
10482433,3619
8869751,3620
5644387,3621
4031705,3622
2419023,3623
1612682,3624
9379019,3625
7936093,3626
5050241,3627
3607315,3628
2164389,3629
1442926,3630
6068777,3631
3861949,3632
2758535,3633
1655121,3634
1103414,3635
3267803,3636
2334145,3637
1400487,3638
933658,3639
1485365,3640
891219,3641
594146,3642
636585,3643
424390,3644
254634,3645
17349337,3646
15523091,3647
11870599,3648
10044353,3649
6391861,3650
4565615,3651
2739369,3652
1826246,3653
12823423,3654
9806147,3655
8297509,3656
5280233,3657
3771595,3658
2262957,3659
1508638,3660
8773921,3661
7424087,3662
4724419,3663
3374585,3664
2024751,3665
1349834,3666
5677243,3667
3612791,3668
2580565,3669
1548339,3670
1032226,3671
3056977,3672
2183555,3673
1310133,3674
873422,3675
1389535,3676
833721,3677
555814,3678
595515,3679
397010,3680
238206,3681
10170301,3682
7777289,3683
6580783,3684
4187771,3685
2991265,3686
1794759,3687
1196506,3688
6958627,3689
5888069,3690
3746953,3691
2676395,3692
1605837,3693
1070558,3694
4502641,3695
2865317,3696
2046655,3697
1227993,3698
818662,3699
2424499,3700
1731785,3701
1039071,3702
692714,3703
1102045,3704
661227,3705
440818,3706
472305,3707
314870,3708
188922,3709
5748431,3710
4864057,3711
3095309,3712
2210935,3713
1326561,3714
884374,3715
3719573,3716
2367001,3717
1690715,3718
1014429,3719
676286,3720
2002847,3721
1430605,3722
858363,3723
572242,3724
910385,3725
546231,3726
364154,3727
390165,3728
260110,3729
156066,3730
3328039,3731
2117843,3732
1512745,3733
907647,3734
605098,3735
1792021,3736
1280015,3737
768009,3738
512006,3739
814555,3740
488733,3741
325822,3742
349095,3743
232730,3744
139638,3745
1370369,3746
978835,3747
587301,3748
391534,3749
622895,3750
373737,3751
249158,3752
266955,3753
177970,3754
106782,3755
527065,3756
316239,3757
210826,3758
225885,3759
150590,3760
90354,3761
143745,3762
95830,3763
57498,3764
41070,3765
42277273,3766
33530251,3767
27698903,3768
24783229,3769
18951881,3770
16036207,3771
10204859,3772
7289185,3773
4373511,3774
2915674,3775
26280467,3776
21709951,3777
19424693,3778
14854177,3779
12568919,3780
7998403,3781
5713145,3782
3427887,3783
2285258,3784
17218237,3785
15405791,3786
11780899,3787
9968453,3788
6343561,3789
4531115,3790
2718669,3791
1812446,3792
12726523,3793
9732047,3794
8234809,3795
5240333,3796
3743095,3797
2245857,3798
1497238,3799
8707621,3800
7367987,3801
4688719,3802
3349085,3803
2009451,3804
1339634,3805
5634343,3806
3585491,3807
2561065,3808
1536639,3809
1024426,3810
3033877,3811
2167055,3812
1300233,3813
866822,3814
1379035,3815
827421,3816
551614,3817
591015,3818
394010,3819
236406,3820
23716519,3821
19591907,3822
17529601,3823
13404989,3824
11342683,3825
7218071,3826
5155765,3827
3093459,3828
2062306,3829
15538409,3830
13902787,3831
10631543,3832
8995921,3833
5724677,3834
4089055,3835
2453433,3836
1635622,3837
11484911,3838
8782579,3839
7431413,3840
4729081,3841
3377915,3842
2026749,3843
1351166,3844
7858097,3845
6649159,3846
4231283,3847
3022345,3848
1813407,3849
1208938,3850
5084651,3851
3235687,3852
2311205,3853
1386723,3854
924482,3855
2737889,3856
1955635,3857
1173381,3858
782254,3859
1244495,3860
746697,3861
497798,3862
533355,3863
355570,3864
213342,3865
12178753,3866
10896779,3867
8332831,3868
7050857,3869
4486909,3870
3204935,3871
1922961,3872
1281974,3873
9001687,3874
6883643,3875
5824621,3876
3706577,3877
2647555,3878
1588533,3879
1059022,3880
6159049,3881
5211503,3882
3316411,3883
2368865,3884
1421319,3885
947546,3886
3985267,3887
2536079,3888
1811485,3889
1086891,3890
724594,3891
2145913,3892
1532795,3893
919677,3894
613118,3895
975415,3896
585249,3897
390166,3898
418035,3899
278690,3900
167214,3901
7139269,3902
5459441,3903
4619527,3904
2939699,3905
2099785,3906
1259871,3907
839914,3908
4884763,3909
4133261,3910
2630257,3911
1878755,3912
1127253,3913
751502,3914
3160729,3915
2011373,3916
1436695,3917
862017,3918
574678,3919
1701931,3920
1215665,3921
729399,3922
486266,3923
773605,3924
464163,3925
309442,3926
331545,3927
221030,3928
132618,3929
4035239,3930
3414433,3931
2172821,3932
1552015,3933
931209,3934
620806,3935
2611037,3936
1661569,3937
1186835,3938
712101,3939
474734,3940
1405943,3941
1004245,3942
602547,3943
401698,3944
639065,3945
383439,3946
255626,3947
273885,3948
182590,3949
109554,3950
2336191,3951
1486667,3952
1061905,3953
637143,3954
424762,3955
1257949,3956
898535,3957
539121,3958
359414,3959
571795,3960
343077,3961
228718,3962
245055,3963
163370,3964
98022,3965
961961,3966
687115,3967
412269,3968
274846,3969
437255,3970
262353,3971
174902,3972
187395,3973
124930,3974
74958,3975
369985,3976
221991,3977
147994,3978
158565,3979
105710,3980
63426,3981
100905,3982
67270,3983
40362,3984
28830,3985
39549707,3986
29343331,3987
24240143,3988
21688549,3989
16585361,3990
14033767,3991
8930579,3992
6378985,3993
3827391,3994
2551594,3995
24584953,3996
20309309,3997
18171487,3998
13895843,3999
11758021,4000
7482377,4001
5344555,4002
3206733,4003
2137822,4004
15068197,4005
13482071,4006
10309819,4007
8723693,4008
5551441,4009
3965315,4010
2379189,4011
1586126,4012
11137363,4013
8516807,4014
7206529,4015
4585973,4016
3275695,4017
1965417,4018
1310278,4019
7620301,4020
6447947,4021
4103239,4022
2930885,4023
1758531,4024
1172354,4025
4930783,4026
3137771,4027
2241265,4028
1344759,4029
896506,4030
2655037,4031
1896455,4032
1137873,4033
758582,4034
1206835,4035
724101,4036
482734,4037
517215,4038
344810,4039
206886,4040
22186421,4041
18327913,4042
16398659,4043
12540151,4044
10610897,4045
6752389,4046
4823135,4047
2893881,4048
1929254,4049
13598129,4050
12166747,4051
9303983,4052
7872601,4053
5009837,4054
3578455,4055
2147073,4056
1431382,4057
10050791,4058
7685899,4059
6503453,4060
4138561,4061
2956115,4062
1773669,4063
1182446,4064
6876857,4065
5818879,4066
3702923,4067
2644945,4068
1586967,4069
1057978,4070
4449731,4071
2831647,4072
2022605,4073
1213563,4074
809042,4075
2396009,4076
1711435,4077
1026861,4078
684574,4079
1089095,4080
653457,4081
435638,4082
466755,4083
311170,4084
186702,4085
11393027,4086
10193761,4087
7795229,4088
6595963,4089
4197431,4090
2998165,4091
1798899,4092
1199266,4093
8420933,4094
6439537,4095
5448839,4096
3467443,4097
2476745,4098
1486047,4099
990698,4100
5761691,4101
4875277,4102
3102449,4103
2216035,4104
1329621,4105
886414,4106
3728153,4107
2372461,4108
1694615,4109
1016769,4110
677846,4111
2007467,4112
1433905,4113
860343,4114
573562,4115
912485,4116
547491,4117
364994,4118
391065,4119
260710,4120
156426,4121
6247789,4122
4777721,4123
4042687,4124
2572619,4125
1837585,4126
1102551,4127
735034,4128
4274803,4129
3617141,4130
2301817,4131
1644155,4132
986493,4133
657662,4134
2766049,4135
1760213,4136
1257295,4137
754377,4138
502918,4139
1489411,4140
1063865,4141
638319,4142
425546,4143
677005,4144
406203,4145
270802,4146
290145,4147
193430,4148
116058,4149
3531359,4150
2988073,4151
1901501,4152
1358215,4153
814929,4154
543286,4155
2284997,4156
1454089,4157
1038635,4158
623181,4159
415454,4160
1230383,4161
878845,4162
527307,4163
351538,4164
559265,4165
335559,4166
223706,4167
239685,4168
159790,4169
95874,4170
2044471,4171
1301027,4172
929305,4173
557583,4174
371722,4175
1100869,4176
786335,4177
471801,4178
314534,4179
500395,4180
300237,4181
200158,4182
214455,4183
142970,4184
85782,4185
841841,4186
601315,4187
360789,4188
240526,4189
382655,4190
229593,4191
153062,4192
163995,4193
109330,4194
65598,4195
323785,4196
194271,4197
129514,4198
138765,4199
92510,4200
55506,4201
88305,4202
58870,4203
35322,4204
25230,4205
24877283,4206
23272297,4207
15247367,4208
13642381,4209
10432409,4210
8827423,4211
5617451,4212
4012465,4213
2407479,4214
1604986,4215
19498411,4216
12774821,4217
11430103,4218
8740667,4219
7395949,4220
4706513,4221
3361795,4222
2017077,4223
1344718,4224
11950639,4225
10692677,4226
8176753,4227
6918791,4228
4402867,4229
3144905,4230
1886943,4231
1257962,4232
7005547,4233
5357183,4234
4533001,4235
2884637,4236
2060455,4237
1236273,4238
824182,4239
4793269,4240
4055843,4241
2580991,4242
1843565,4243
1106139,4244
737426,4245
3101527,4246
1973699,4247
1409785,4248
845871,4249
563914,4250
1670053,4251
1192895,4252
715737,4253
477158,4254
759115,4255
455469,4256
303646,4257
325335,4258
216890,4259
130134,4260
17596127,4261
11528497,4262
10314971,4263
7887919,4264
6674393,4265
4247341,4266
3033815,4267
1820289,4268
1213526,4269
10784723,4270
9649489,4271
7379021,4272
6243787,4273
3973319,4274
2838085,4275
1702851,4276
1135234,4277
6322079,4278
4834531,4279
4090757,4280
2603209,4281
1859435,4282
1115661,4283
743774,4284
4325633,4285
3660151,4286
2329187,4287
1663705,4288
998223,4289
665482,4290
2798939,4291
1781143,4292
1272245,4293
763347,4294
508898,4295
1507121,4296
1076515,4297
645909,4298
430606,4299
685055,4300
411033,4301
274022,4302
293595,4303
195730,4304
117438,4305
9035849,4306
8084707,4307
6182423,4308
5231281,4309
3328997,4310
2377855,4311
1426713,4312
951142,4313
5296877,4314
4050553,4315
3427391,4316
2181067,4317
1557905,4318
934743,4319
623162,4320
3624179,4321
3066613,4322
1951481,4323
1393915,4324
836349,4325
557566,4326
2345057,4327
1492309,4328
1065935,4329
639561,4330
426374,4331
1262723,4332
901945,4333
541167,4334
360778,4335
573965,4336
344379,4337
229586,4338
245985,4339
163990,4340
98394,4341
4955143,4342
3789227,4343
3206269,4344
2040353,4345
1457395,4346
874437,4347
582958,4348
3390361,4349
2868767,4350
1825579,4351
1303985,4352
782391,4353
521594,4354
2193763,4355
1396031,4356
997165,4357
598299,4358
398866,4359
1181257,4360
843755,4361
506253,4362
337502,4363
536935,4364
322161,4365
214774,4366
230115,4367
153410,4368
92046,4369
2221271,4370
1879537,4371
1196069,4372
854335,4373
512601,4374
341734,4375
1437293,4376
914641,4377
653315,4378
391989,4379
261326,4380
773927,4381
552805,4382
331683,4383
221122,4384
351785,4385
211071,4386
140714,4387
150765,4388
100510,4389
60306,4390
1285999,4391
818363,4392
584545,4393
350727,4394
233818,4395
692461,4396
494615,4397
296769,4398
197846,4399
314755,4400
188853,4401
125902,4402
134895,4403
89930,4404
53958,4405
529529,4406
378235,4407
226941,4408
151294,4409
240695,4410
144417,4411
96278,4412
103155,4413
68770,4414
41262,4415
203665,4416
122199,4417
81466,4418
87285,4419
58190,4420
34914,4421
55545,4422
37030,4423
22218,4424
15870,4425
16976747,4426
15881473,4427
12595651,4428
9309829,4429
7119281,4430
6024007,4431
3833459,4432
2738185,4433
1642911,4434
1095274,4435
13306099,4436
10553113,4437
7800127,4438
5964803,4439
5047141,4440
3211817,4441
2294155,4442
1376493,4443
917662,4444
9872267,4445
7296893,4446
5579977,4447
4721519,4448
3004603,4449
2146145,4450
1287687,4451
858458,4452
5787191,4453
4425499,4454
3744653,4455
2382961,4456
1702115,4457
1021269,4458
680846,4459
3271021,4460
2767787,4461
1761319,4462
1258085,4463
754851,4464
503234,4465
2116543,4466
1346891,4467
962065,4468
577239,4469
384826,4470
1139677,4471
814055,4472
488433,4473
325622,4474
518035,4475
310821,4476
207214,4477
222015,4478
148010,4479
88806,4480
12007943,4481
9523541,4482
7039139,4483
5382871,4484
4554737,4485
2898469,4486
2070335,4487
1242201,4488
828134,4489
8909119,4490
6585001,4491
5035589,4492
4260883,4493
2711471,4494
1936765,4495
1162059,4496
774706,4497
5222587,4498
3993743,4499
3379321,4500
2150477,4501
1536055,4502
921633,4503
614422,4504
2951897,4505
2497759,4506
1589483,4507
1135345,4508
681207,4509
454138,4510
1910051,4511
1215487,4512
868205,4513
520923,4514
347282,4515
1028489,4516
734635,4517
440781,4518
293854,4519
467495,4520
280497,4521
186998,4522
200355,4523
133570,4524
80142,4525
7464397,4526
5517163,4527
4219007,4528
3569929,4529
2271773,4530
1622695,4531
973617,4532
649078,4533
4375681,4534
3346109,4535
2831323,4536
1801751,4537
1286965,4538
772179,4539
514786,4540
2473211,4541
2092717,4542
1331729,4543
951235,4544
570741,4545
380494,4546
1600313,4547
1018381,4548
727415,4549
436449,4550
290966,4551
861707,4552
615505,4553
369303,4554
246202,4555
391685,4556
235011,4557
156674,4558
167865,4559
111910,4560
67146,4561
4093379,4562
3130231,4563
2648657,4564
1685509,4565
1203935,4566
722361,4567
481574,4568
2313649,4569
1957703,4570
1245811,4571
889865,4572
533919,4573
355946,4574
1497067,4575
952679,4576
680485,4577
408291,4578
272194,4579
806113,4580
575795,4581
345477,4582
230318,4583
366415,4584
219849,4585
146566,4586
157035,4587
104690,4588
62814,4589
1834963,4590
1552661,4591
988057,4592
705755,4593
423453,4594
282302,4595
1187329,4596
755573,4597
539695,4598
323817,4599
215878,4600
639331,4601
456665,4602
273999,4603
182666,4604
290605,4605
174363,4606
116242,4607
124545,4608
83030,4609
49818,4610
877591,4611
558467,4612
398905,4613
239343,4614
159562,4615
472549,4616
337535,4617
202521,4618
135014,4619
214795,4620
128877,4621
85918,4622
92055,4623
61370,4624
36822,4625
361361,4626
258115,4627
154869,4628
103246,4629
164255,4630
98553,4631
65702,4632
70395,4633
46930,4634
28158,4635
138985,4636
83391,4637
55594,4638
59565,4639
39710,4640
23826,4641
37905,4642
25270,4643
15162,4644
10830,4645
13590803,4646
12713977,4647
10083499,4648
8329847,4649
5699369,4650
4822543,4651
3068891,4652
2192065,4653
1315239,4654
876826,4655
10652251,4656
8448337,4657
6979061,4658
4775147,4659
4040509,4660
2571233,4661
1836595,4662
1101957,4663
734638,4664
7903283,4665
6528799,4666
4467073,4667
3779831,4668
2405347,4669
1718105,4670
1030863,4671
687242,4672
5178013,4673
3542851,4674
2997797,4675
1907689,4676
1362635,4677
817581,4678
545054,4679
2926703,4680
2476441,4681
1575917,4682
1125655,4683
675393,4684
450262,4685
1694407,4686
1078259,4687
770185,4688
462111,4689
308074,4690
912373,4691
651695,4692
391017,4693
260678,4694
414715,4695
248829,4696
165886,4697
177735,4698
118490,4699
71094,4700
9613007,4701
7624109,4702
6298177,4703
4309279,4704
3646313,4705
2320381,4706
1657415,4707
994449,4708
662966,4709
7132231,4710
5891843,4711
4031261,4712
3411067,4713
2170679,4714
1550485,4715
930291,4716
620194,4717
4672841,4718
3197207,4719
2705329,4720
1721573,4721
1229695,4722
737817,4723
491878,4724
2641171,4725
2234837,4726
1422169,4727
1015835,4728
609501,4729
406334,4730
1529099,4731
973063,4732
695045,4733
417027,4734
278018,4735
823361,4736
588115,4737
352869,4738
235246,4739
374255,4740
224553,4741
149702,4742
160395,4743
106930,4744
64158,4745
5975653,4746
4936409,4747
3377543,4748
2857921,4749
1818677,4750
1299055,4751
779433,4752
519622,4753
3915083,4754
2678741,4755
2266627,4756
1442399,4757
1030285,4758
618171,4759
412114,4760
2212873,4761
1872431,4762
1191547,4763
851105,4764
510663,4765
340442,4766
1281137,4767
815269,4768
582335,4769
349401,4770
232934,4771
689843,4772
492745,4773
295647,4774
197098,4775
313565,4776
188139,4777
125426,4778
134385,4779
89590,4780
53754,4781
3662497,4782
2505919,4783
2120393,4784
1349341,4785
963815,4786
578289,4787
385526,4788
2070107,4789
1751629,4790
1114673,4791
796195,4792
477717,4793
318478,4794
1198483,4795
762671,4796
544765,4797
326859,4798
217906,4799
645337,4800
460955,4801
276573,4802
184382,4803
293335,4804
176001,4805
117334,4806
125715,4807
83810,4808
50286,4809
1641809,4810
1389223,4811
884051,4812
631465,4813
378879,4814
252586,4815
950521,4816
604877,4817
432055,4818
259233,4819
172822,4820
511819,4821
365585,4822
219351,4823
146234,4824
232645,4825
139587,4826
93058,4827
99705,4828
66470,4829
39882,4830
785213,4831
499681,4832
356915,4833
214149,4834
142766,4835
422807,4836
302005,4837
181203,4838
120802,4839
192185,4840
115311,4841
76874,4842
82365,4843
54910,4844
32946,4845
289289,4846
206635,4847
123981,4848
82654,4849
131495,4850
78897,4851
52598,4852
56355,4853
37570,4854
22542,4855
111265,4856
66759,4857
44506,4858
47685,4859
31790,4860
19074,4861
30345,4862
20230,4863
12138,4864
8670,4865
7947563,4866
7434817,4867
5896579,4868
4871087,4869
4358341,4870
2820103,4871
1794611,4872
1281865,4873
769119,4874
512746,4875
6229171,4876
4940377,4877
4081181,4878
3651583,4879
2362789,4880
1503593,4881
1073995,4882
644397,4883
429598,4884
4621643,4885
3817879,4886
3415997,4887
2210351,4888
1406587,4889
1004705,4890
602823,4891
401882,4892
3027973,4893
2709239,4894
1753037,4895
1115569,4896
796835,4897
478101,4898
318734,4899
2238067,4900
1448161,4901
921557,4902
658255,4903
394953,4904
263302,4905
1295723,4906
824551,4907
588965,4908
353379,4909
235586,4910
533533,4911
381095,4912
228657,4913
152438,4914
242515,4915
145509,4916
97006,4917
103935,4918
69290,4919
41574,4920
5621447,4921
4458389,4922
3683017,4923
3295331,4924
2132273,4925
1356901,4926
969215,4927
581529,4928
387686,4929
4170751,4930
3445403,4931
3082729,4932
1994707,4933
1269359,4934
906685,4935
544011,4936
362674,4937
2732561,4938
2444923,4939
1582009,4940
1006733,4941
719095,4942
431457,4943
287638,4944
2019719,4945
1306877,4946
831649,4947
594035,4948
356421,4949
237614,4950
1169311,4951
744107,4952
531505,4953
318903,4954
212602,4955
481481,4956
343915,4957
206349,4958
137566,4959
218855,4960
131313,4961
87542,4962
93795,4963
62530,4964
37518,4965
3494413,4966
2886689,4967
2582827,4968
1671241,4969
1063517,4970
759655,4971
455793,4972
303862,4973
2289443,4974
2048449,4975
1325467,4976
843479,4977
602485,4978
361491,4979
240994,4980
1692197,4981
1094951,4982
696787,4983
497705,4984
298623,4985
199082,4986
979693,4987
623441,4988
445315,4989
267189,4990
178126,4991
403403,4992
288145,4993
172887,4994
115258,4995
183365,4996
110019,4997
73346,4998
78585,4999
52390,5000
31434,5001
2141737,5002
1916291,5003
1239953,5004
789061,5005
563615,5006
338169,5007
225446,5008
1583023,5009
1024309,5010
651833,5011
465595,5012
279357,5013
186238,5014
916487,5015
583219,5016
416585,5017
249951,5018
166634,5019
377377,5020
269555,5021
161733,5022
107822,5023
171535,5024
102921,5025
68614,5026
73515,5027
49010,5028
29406,5029
1255501,5030
812383,5031
516971,5032
369265,5033
221559,5034
147706,5035
726869,5036
462553,5037
330395,5038
198237,5039
132158,5040
299299,5041
213785,5042
128271,5043
85514,5044
136045,5045
81627,5046
54418,5047
58305,5048
38870,5049
23322,5050
600457,5051
382109,5052
272935,5053
163761,5054
109174,5055
247247,5056
176605,5057
105963,5058
70642,5059
112385,5060
67431,5061
44954,5062
48165,5063
32110,5064
19266,5065
221221,5066
158015,5067
94809,5068
63206,5069
100555,5070
60333,5071
40222,5072
43095,5073
28730,5074
17238,5075
65065,5076
39039,5077
26026,5078
27885,5079
18590,5080
11154,5081
17745,5082
11830,5083
7098,5084
5070,5085
5690267,5086
5323153,5087
4221811,5088
3487583,5089
3120469,5090
2386241,5091
1284899,5092
917785,5093
550671,5094
367114,5095
4459939,5096
3537193,5097
2922029,5098
2614447,5099
1999283,5100
1076537,5101
768955,5102
461373,5103
307582,5104
3308987,5105
2733511,5106
2445773,5107
1870297,5108
1007083,5109
719345,5110
431607,5111
287738,5112
2167957,5113
1939751,5114
1483339,5115
798721,5116
570515,5117
342309,5118
228206,5119
1602403,5120
1225367,5121
659813,5122
471295,5123
282777,5124
188518,5125
1096381,5126
590359,5127
421685,5128
253011,5129
168674,5130
451451,5131
322465,5132
193479,5133
128986,5134
173635,5135
104181,5136
69454,5137
74415,5138
49610,5139
29766,5140
4024823,5141
3192101,5142
2636953,5143
2359379,5144
1804231,5145
971509,5146
693935,5147
416361,5148
277574,5149
2986159,5150
2466827,5151
2207161,5152
1687829,5153
908831,5154
649165,5155
389499,5156
259666,5157
1956449,5158
1750507,5159
1338623,5160
720797,5161
514855,5162
308913,5163
205942,5164
1446071,5165
1105819,5166
595441,5167
425315,5168
255189,5169
170126,5170
989417,5171
532763,5172
380545,5173
228327,5174
152218,5175
407407,5176
291005,5177
174603,5178
116402,5179
156695,5180
94017,5181
62678,5182
67155,5183
44770,5184
26862,5185
2501917,5186
2066801,5187
1849243,5188
1414127,5189
761453,5190
543895,5191
326337,5192
217558,5193
1639187,5194
1466641,5195
1121549,5196
603911,5197
431365,5198
258819,5199
172546,5200
1211573,5201
926497,5202
498883,5203
356345,5204
213807,5205
142538,5206
828971,5207
446369,5208
318835,5209
191301,5210
127534,5211
341341,5212
243815,5213
146289,5214
97526,5215
131285,5216
78771,5217
52514,5218
56265,5219
37510,5220
22506,5221
1533433,5222
1372019,5223
1049191,5224
564949,5225
403535,5226
242121,5227
161414,5228
1133407,5229
866723,5230
466697,5231
333355,5232
200013,5233
133342,5234
775489,5235
417571,5236
298265,5237
178959,5238
119306,5239
319319,5240
228085,5241
136851,5242
91234,5243
122815,5244
73689,5245
49126,5246
52635,5247
35090,5248
21054,5249
898909,5250
687401,5251
370139,5252
264385,5253
158631,5254
105754,5255
615043,5256
331177,5257
236555,5258
141933,5259
94622,5260
253253,5261
180895,5262
108537,5263
72358,5264
97405,5265
58443,5266
38962,5267
41745,5268
27830,5269
16698,5270
508079,5271
273581,5272
195415,5273
117249,5274
78166,5275
209209,5276
149435,5277
89661,5278
59774,5279
80465,5280
48279,5281
32186,5282
34485,5283
22990,5284
13794,5285
187187,5286
133705,5287
80223,5288
53482,5289
71995,5290
43197,5291
28798,5292
30855,5293
20570,5294
12342,5295
55055,5296
33033,5297
22022,5298
23595,5299
15730,5300
9438,5301
12705,5302
8470,5303
5082,5304
3630,5305
2304323,5306
2155657,5307
1709659,5308
1412327,5309
1263661,5310
966329,5311
817663,5312
371665,5313
222999,5314
148666,5315
1806091,5316
1432417,5317
1183301,5318
1058743,5319
809627,5320
685069,5321
311395,5322
186837,5323
124558,5324
1340003,5325
1106959,5326
990437,5327
757393,5328
640871,5329
291305,5330
174783,5331
116522,5332
877933,5333
785519,5334
600691,5335
508277,5336
231035,5337
138621,5338
92414,5339
648907,5340
496223,5341
419881,5342
190855,5343
114513,5344
76342,5345
443989,5346
375683,5347
170765,5348
102459,5349
68306,5350
287287,5351
130585,5352
78351,5353
52234,5354
110495,5355
66297,5356
44198,5357
30135,5358
20090,5359
12054,5360
1629887,5361
1292669,5362
1067857,5363
955451,5364
730639,5365
618233,5366
281015,5367
168609,5368
112406,5369
1209271,5370
998963,5371
893809,5372
683501,5373
578347,5374
262885,5375
157731,5376
105154,5377
792281,5378
708883,5379
542087,5380
458689,5381
208495,5382
125097,5383
83398,5384
585599,5385
447811,5386
378917,5387
172235,5388
103341,5389
68894,5390
400673,5391
339031,5392
154105,5393
92463,5394
61642,5395
259259,5396
117845,5397
70707,5398
47138,5399
99715,5400
59829,5401
39886,5402
27195,5403
18130,5404
10878,5405
1013173,5406
836969,5407
748867,5408
572663,5409
484561,5410
220255,5411
132153,5412
88102,5413
663803,5414
593929,5415
454181,5416
384307,5417
174685,5418
104811,5419
69874,5420
490637,5421
375193,5422
317471,5423
144305,5424
86583,5425
57722,5426
335699,5427
284053,5428
129115,5429
77469,5430
51646,5431
217217,5432
98735,5433
59241,5434
39494,5435
83545,5436
50127,5437
33418,5438
22785,5439
15190,5440
9114,5441
620977,5442
555611,5443
424879,5444
359513,5445
163415,5446
98049,5447
65366,5448
458983,5449
350987,5450
296989,5451
134995,5452
80997,5453
53998,5454
314041,5455
265727,5456
120785,5457
72471,5458
48314,5459
203203,5460
92365,5461
55419,5462
36946,5463
78155,5464
46893,5465
31262,5466
21315,5467
14210,5468
8526,5469
364021,5470
278369,5471
235543,5472
107065,5473
64239,5474
42826,5475
249067,5476
210749,5477
95795,5478
57477,5479
38318,5480
161161,5481
73255,5482
43953,5483
29302,5484
61985,5485
37191,5486
24794,5487
16905,5488
11270,5489
6762,5490
205751,5491
174097,5492
79135,5493
47481,5494
31654,5495
133133,5496
60515,5497
36309,5498
24206,5499
51205,5500
30723,5501
20482,5502
13965,5503
9310,5504
5586,5505
119119,5506
54145,5507
32487,5508
21658,5509
45815,5510
27489,5511
18326,5512
12495,5513
8330,5514
4998,5515
35035,5516
21021,5517
14014,5518
9555,5519
6370,5520
3822,5521
8085,5522
5390,5523
3234,5524
1470,5525
1175675,5526
1099825,5527
872275,5528
720575,5529
644725,5530
493025,5531
417175,5532
265475,5533
113775,5534
75850,5535
921475,5536
730825,5537
603725,5538
540175,5539
413075,5540
349525,5541
222425,5542
95325,5543
63550,5544
683675,5545
564775,5546
505325,5547
386425,5548
326975,5549
208075,5550
89175,5551
59450,5552
447925,5553
400775,5554
306475,5555
259325,5556
165025,5557
70725,5558
47150,5559
331075,5560
253175,5561
214225,5562
136325,5563
58425,5564
38950,5565
226525,5566
191675,5567
121975,5568
52275,5569
34850,5570
146575,5571
93275,5572
39975,5573
26650,5574
78925,5575
33825,5576
22550,5577
21525,5578
14350,5579
6150,5580
831575,5581
659525,5582
544825,5583
487475,5584
372775,5585
315425,5586
200725,5587
86025,5588
57350,5589
616975,5590
509675,5591
456025,5592
348725,5593
295075,5594
187775,5595
80475,5596
53650,5597
404225,5598
361675,5599
276575,5600
234025,5601
148925,5602
63825,5603
42550,5604
298775,5605
228475,5606
193325,5607
123025,5608
52725,5609
35150,5610
204425,5611
172975,5612
110075,5613
47175,5614
31450,5615
132275,5616
84175,5617
36075,5618
24050,5619
71225,5620
30525,5621
20350,5622
19425,5623
12950,5624
5550,5625
516925,5626
427025,5627
382075,5628
292175,5629
247225,5630
157325,5631
67425,5632
44950,5633
338675,5634
303025,5635
231725,5636
196075,5637
124775,5638
53475,5639
35650,5640
250325,5641
191425,5642
161975,5643
103075,5644
44175,5645
29450,5646
171275,5647
144925,5648
92225,5649
39525,5650
26350,5651
110825,5652
70525,5653
30225,5654
20150,5655
59675,5656
25575,5657
17050,5658
16275,5659
10850,5660
4650,5661
316825,5662
283475,5663
216775,5664
183425,5665
116725,5666
50025,5667
33350,5668
234175,5669
179075,5670
151525,5671
96425,5672
41325,5673
27550,5674
160225,5675
135575,5676
86275,5677
36975,5678
24650,5679
103675,5680
65975,5681
28275,5682
18850,5683
55825,5684
23925,5685
15950,5686
15225,5687
10150,5688
4350,5689
185725,5690
142025,5691
120175,5692
76475,5693
32775,5694
21850,5695
127075,5696
107525,5697
68425,5698
29325,5699
19550,5700
82225,5701
52325,5702
22425,5703
14950,5704
44275,5705
18975,5706
12650,5707
12075,5708
8050,5709
3450,5710
104975,5711
88825,5712
56525,5713
24225,5714
16150,5715
67925,5716
43225,5717
18525,5718
12350,5719
36575,5720
15675,5721
10450,5722
9975,5723
6650,5724
2850,5725
60775,5726
38675,5727
16575,5728
11050,5729
32725,5730
14025,5731
9350,5732
8925,5733
5950,5734
2550,5735
25025,5736
10725,5737
7150,5738
6825,5739
4550,5740
1950,5741
5775,5742
3850,5743
1650,5744
1050,5745
423243,5746
395937,5747
314019,5748
259407,5749
232101,5750
177489,5751
150183,5752
95571,5753
68265,5754
27306,5755
331731,5756
263097,5757
217341,5758
194463,5759
148707,5760
125829,5761
80073,5762
57195,5763
22878,5764
246123,5765
203319,5766
181917,5767
139113,5768
117711,5769
74907,5770
53505,5771
21402,5772
161253,5773
144279,5774
110331,5775
93357,5776
59409,5777
42435,5778
16974,5779
119187,5780
91143,5781
77121,5782
49077,5783
35055,5784
14022,5785
81549,5786
69003,5787
43911,5788
31365,5789
12546,5790
52767,5791
33579,5792
23985,5793
9594,5794
28413,5795
20295,5796
8118,5797
12915,5798
5166,5799
3690,5800
299367,5801
237429,5802
196137,5803
175491,5804
134199,5805
113553,5806
72261,5807
51615,5808
20646,5809
222111,5810
183483,5811
164169,5812
125541,5813
106227,5814
67599,5815
48285,5816
19314,5817
145521,5818
130203,5819
99567,5820
84249,5821
53613,5822
38295,5823
15318,5824
107559,5825
82251,5826
69597,5827
44289,5828
31635,5829
12654,5830
73593,5831
62271,5832
39627,5833
28305,5834
11322,5835
47619,5836
30303,5837
21645,5838
8658,5839
25641,5840
18315,5841
7326,5842
11655,5843
4662,5844
3330,5845
186093,5846
153729,5847
137547,5848
105183,5849
89001,5850
56637,5851
40455,5852
16182,5853
121923,5854
109089,5855
83421,5856
70587,5857
44919,5858
32085,5859
12834,5860
90117,5861
68913,5862
58311,5863
37107,5864
26505,5865
10602,5866
61659,5867
52173,5868
33201,5869
23715,5870
9486,5871
39897,5872
25389,5873
18135,5874
7254,5875
21483,5876
15345,5877
6138,5878
9765,5879
3906,5880
2790,5881
114057,5882
102051,5883
78039,5884
66033,5885
42021,5886
30015,5887
12006,5888
84303,5889
64467,5890
54549,5891
34713,5892
24795,5893
9918,5894
57681,5895
48807,5896
31059,5897
22185,5898
8874,5899
37323,5900
23751,5901
16965,5902
6786,5903
20097,5904
14355,5905
5742,5906
9135,5907
3654,5908
2610,5909
66861,5910
51129,5911
43263,5912
27531,5913
19665,5914
7866,5915
45747,5916
38709,5917
24633,5918
17595,5919
7038,5920
29601,5921
18837,5922
13455,5923
5382,5924
15939,5925
11385,5926
4554,5927
7245,5928
2898,5929
2070,5930
37791,5931
31977,5932
20349,5933
14535,5934
5814,5935
24453,5936
15561,5937
11115,5938
4446,5939
13167,5940
9405,5941
3762,5942
5985,5943
2394,5944
1710,5945
21879,5946
13923,5947
9945,5948
3978,5949
11781,5950
8415,5951
3366,5952
5355,5953
2142,5954
1530,5955
9009,5956
6435,5957
2574,5958
4095,5959
1638,5960
1170,5961
3465,5962
1386,5963
990,5964
630,5965
188108,5966
175972,5967
139564,5968
115292,5969
103156,5970
78884,5971
66748,5972
42476,5973
30340,5974
18204,5975
147436,5976
116932,5977
96596,5978
86428,5979
66092,5980
55924,5981
35588,5982
25420,5983
15252,5984
109388,5985
90364,5986
80852,5987
61828,5988
52316,5989
33292,5990
23780,5991
14268,5992
71668,5993
64124,5994
49036,5995
41492,5996
26404,5997
18860,5998
11316,5999
52972,6000
40508,6001
34276,6002
21812,6003
15580,6004
9348,6005
36244,6006
30668,6007
19516,6008
13940,6009
8364,6010
23452,6011
14924,6012
10660,6013
6396,6014
12628,6015
9020,6016
5412,6017
5740,6018
3444,6019
2460,6020
133052,6021
105524,6022
87172,6023
77996,6024
59644,6025
50468,6026
32116,6027
22940,6028
13764,6029
98716,6030
81548,6031
72964,6032
55796,6033
47212,6034
30044,6035
21460,6036
12876,6037
64676,6038
57868,6039
44252,6040
37444,6041
23828,6042
17020,6043
10212,6044
47804,6045
36556,6046
30932,6047
19684,6048
14060,6049
8436,6050
32708,6051
27676,6052
17612,6053
12580,6054
7548,6055
21164,6056
13468,6057
9620,6058
5772,6059
11396,6060
8140,6061
4884,6062
5180,6063
3108,6064
2220,6065
82708,6066
68324,6067
61132,6068
46748,6069
39556,6070
25172,6071
17980,6072
10788,6073
54188,6074
48484,6075
37076,6076
31372,6077
19964,6078
14260,6079
8556,6080
40052,6081
30628,6082
25916,6083
16492,6084
11780,6085
7068,6086
27404,6087
23188,6088
14756,6089
10540,6090
6324,6091
17732,6092
11284,6093
8060,6094
4836,6095
9548,6096
6820,6097
4092,6098
4340,6099
2604,6100
1860,6101
50692,6102
45356,6103
34684,6104
29348,6105
18676,6106
13340,6107
8004,6108
37468,6109
28652,6110
24244,6111
15428,6112
11020,6113
6612,6114
25636,6115
21692,6116
13804,6117
9860,6118
5916,6119
16588,6120
10556,6121
7540,6122
4524,6123
8932,6124
6380,6125
3828,6126
4060,6127
2436,6128
1740,6129
29716,6130
22724,6131
19228,6132
12236,6133
8740,6134
5244,6135
20332,6136
17204,6137
10948,6138
7820,6139
4692,6140
13156,6141
8372,6142
5980,6143
3588,6144
7084,6145
5060,6146
3036,6147
3220,6148
1932,6149
1380,6150
16796,6151
14212,6152
9044,6153
6460,6154
3876,6155
10868,6156
6916,6157
4940,6158
2964,6159
5852,6160
4180,6161
2508,6162
2660,6163
1596,6164
1140,6165
9724,6166
6188,6167
4420,6168
2652,6169
5236,6170
3740,6171
2244,6172
2380,6173
1428,6174
1020,6175
4004,6176
2860,6177
1716,6178
1820,6179
1092,6180
780,6181
1540,6182
924,6183
660,6184
420,6185
